   1.3343786e+02   1.0381047e+02
   1.2169808e+02   1.0457448e+02
   9.7855421e+01   1.2538799e+02
   4.8571973e+01   1.0450118e+02
   8.0250214e+01   1.0660129e+02
   1.1465938e+02   7.6893242e+01
   8.0156290e+01   9.2579178e+01
   1.2365636e+02   5.8595884e+01
   1.2570883e+02   7.3536465e+01
   1.1160143e+02   8.7896503e+01
   1.2694006e+02   1.0787879e+02
   1.2239760e+02   6.6968479e+01
   8.3175969e+01   1.1826995e+02
   7.7801720e+01   1.3591430e+02
   6.5158479e+01   1.2172073e+02
   9.8389186e+01   1.3037577e+02
   9.1853612e+01   1.2427457e+02
   1.0027195e+02   1.4248133e+02
   1.0475967e+02   8.0632308e+01
   1.3320850e+02   8.9851098e+01
   1.1441419e+02   9.1643473e+01
   8.4161628e+01   1.3121761e+02
   1.2855199e+02   1.1276985e+02
   1.3130224e+02   9.6246931e+01
   8.2452004e+01   1.1832840e+02
   8.5034721e+01   1.2128373e+02
   9.6765485e+01   1.1481021e+02
   1.2696477e+02   8.3342393e+01
   1.5637015e+02   1.1032455e+02
   9.3234789e+01   1.0686745e+02
   8.2765568e+01   1.3252012e+02
   1.3010834e+02   9.4418245e+01
   1.4295187e+02   9.9090330e+01
   1.0462545e+02   7.1020713e+01
   1.5889096e+02   1.1919547e+02
   1.3073162e+02   9.4614148e+01
   9.9023896e+01   7.0209099e+01
   7.8967864e+01   1.4589177e+02
   1.2719369e+02   9.3634377e+01
   1.5524198e+02   7.9254267e+01
   1.1845254e+02   8.3975046e+01
   4.5793408e+01   1.4890743e+02
   1.1498520e+02   9.0246686e+01
   1.0087447e+02   1.4086591e+02
   9.3974964e+01   1.3497763e+02
   1.3836237e+02   9.0353078e+01
   1.4663682e+02   6.8689281e+01
   9.1626839e+01   1.1811457e+02
   7.7947289e+01   1.0038613e+02
   7.7930756e+01   1.1965906e+02
   9.8750475e+01   1.4514086e+02
   1.2920413e+02   9.4520936e+01
   1.2979774e+02   1.1683718e+02
   9.0453887e+01   1.3366912e+02
   8.8204008e+01   1.1292760e+02
   1.2945880e+02   8.0085502e+01
   1.3456145e+02   8.7928399e+01
   9.3480962e+01   1.3363049e+02
   8.4200379e+01   1.5320383e+02
   1.1071946e+02   6.7842136e+01
   1.3093501e+02   1.0649733e+02
   7.9085819e+01   9.8242862e+01
   1.4489840e+02   6.5408778e+01
   7.6351795e+01   1.2504354e+02
   1.4041639e+02   7.9304825e+01
   1.2254112e+02   9.0462255e+01
   8.4054349e+01   1.2752834e+02
   1.2311881e+02   1.0323585e+02
   1.0884599e+02   8.4558955e+01
   1.3038703e+02   9.9806158e+01
   9.3714612e+01   1.1470843e+02
   9.5655130e+01   1.2756363e+02
   8.9070887e+01   1.2672711e+02
   1.3703943e+02   8.4350869e+01
   1.3650410e+02   1.1061971e+02
   1.0362343e+02   6.9336310e+01
   1.0610074e+02   1.3552569e+02
   1.2427640e+02   9.6670997e+01
   6.2239709e+01   1.0431581e+02
   1.2570213e+02   7.4032746e+01
   9.8127766e+01   1.1126892e+02
   1.0707667e+02   7.1047395e+01
   8.9040766e+01   1.2465667e+02
   9.6905785e+01   1.1349242e+02
   7.5077214e+01   1.2408685e+02
   1.0947835e+02   9.1380101e+01
   1.3601243e+02   8.4279848e+01
   8.1169983e+01   1.1921500e+02
   1.0127619e+02   1.3062962e+02
   7.7904005e+01   1.3105262e+02
   1.3110197e+02   7.1843950e+01
   7.0794133e+01   1.0511078e+02
   7.4201936e+01   1.2058734e+02
   8.4888589e+01   1.1195754e+02
   1.0397467e+02   1.1931784e+02
   9.4467926e+01   1.2380920e+02
   9.8364936e+01   1.1097858e+02
   1.1327960e+02   8.1665781e+01
   7.4222339e+01   1.2250819e+02
   1.1503606e+02   8.9273619e+01
   1.3508323e+02   1.0228569e+02
   1.2701894e+02   7.9836224e+01
   1.2631893e+02   6.6110192e+01
   1.3059939e+02   1.1059038e+02
   9.3955677e+01   1.3740594e+02
   1.2492028e+02   1.0719015e+02
   1.0127205e+02   1.1347916e+02
   1.2255334e+02   1.0179369e+02
   1.0514098e+02   8.0457536e+01
   9.9539048e+01   1.1339796e+02
   9.7388893e+01   1.2975369e+02
   8.6297372e+01   1.2030129e+02
   8.8230092e+01   1.6907025e+02
   8.2291419e+01   1.4063881e+02
   1.1322082e+02   8.5600647e+01
   7.6976132e+01   1.0776175e+02
   1.2188627e+02   9.4651675e+01
   1.1667462e+02   9.4803080e+01
   1.3882159e+02   8.9222122e+01
   9.5174999e+01   1.1827200e+02
   9.5764475e+01   1.1723551e+02
   8.4990469e+01   1.4155649e+02
   1.1280003e+02   1.0526500e+02
   1.1449466e+02   9.5281322e+01
   1.3769059e+02   8.5620277e+01
   8.0857199e+01   1.1581058e+02
   6.5451947e+01   1.2158999e+02
   8.9605634e+01   1.2109721e+02
   1.0416174e+02   1.3644631e+02
   1.2615073e+02   7.3376509e+01
   1.2405582e+02   8.0395669e+01
   1.0426309e+02   6.8007298e+01
   8.6150369e+01   1.0857257e+02
   1.0138211e+02   1.2028127e+02
   1.1151716e+02   9.6667679e+01
   1.2626233e+02   8.0904460e+01
   9.9564992e+01   1.2302853e+02
   8.6440728e+01   1.1427369e+02
   1.3979257e+02   9.3205546e+01
   9.3160618e+01   1.2429216e+02
   1.3333948e+02   1.1541275e+02
   1.5314910e+02   9.1918046e+01
   1.2921209e+02   8.2390062e+01
   9.2174373e+01   1.4490312e+02
   1.1837995e+02   8.6802482e+01
   8.9869616e+01   1.4108338e+02
   1.2440587e+02   9.6974496e+01
   1.4209411e+02   1.0253385e+02
   1.2544858e+02   9.9853608e+01
   8.8860268e+01   1.2235202e+02
   8.7416284e+01   1.1806743e+02
   1.3045632e+02   1.0064303e+02
   1.4231504e+02   4.2088381e+01
   1.1704944e+02   1.0251130e+02
   8.5605694e+01   1.2265239e+02
   1.1600586e+02   9.4008303e+01
   7.4783360e+01   1.2903316e+02
   1.2369818e+02   9.0042960e+01
   1.2631166e+02   8.5607627e+01
   9.3974203e+01   1.3612478e+02
   1.0675116e+02   8.8414603e+01
   7.6329176e+01   9.6768665e+01
   9.4344250e+01   1.2585142e+02
   1.2048568e+02   8.0793409e+01
   6.5079871e+01   1.4570575e+02
   1.0013250e+02   1.1817670e+02
   1.0728437e+02   9.3629343e+01
   6.5361816e+01   1.2718461e+02
   1.4957368e+02   8.0615394e+01
   6.4604799e+01   9.6597520e+01
   9.7652417e+01   1.4536208e+02
   7.0669391e+01   1.4095008e+02
   1.0661794e+02   1.2649345e+02
   7.9186546e+01   1.3011480e+02
   9.4874355e+01   1.2978952e+02
   1.2813826e+02   7.9431117e+01
   1.0303162e+02   1.1620791e+02
   1.2957098e+02   9.2293407e+01
   9.9492819e+01   1.3177004e+02
   1.1453520e+02   9.0848612e+01
   1.2760881e+02   7.2103551e+01
   5.9752806e+01   1.0381328e+02
   1.0747561e+02   9.7268572e+01
   8.9812172e+01   1.0299547e+02
   1.1767430e+02   9.7278451e+01
   1.2485256e+02   7.7234981e+01
   1.2191899e+02   7.2505543e+01
   1.1329691e+02   7.7005086e+01
   8.9192451e+01   1.2243851e+02
   7.7789050e+01   1.1845844e+02
   1.1648678e+02   9.0167207e+01
   1.2482805e+02   8.2823599e+01
   1.4358574e+02   4.2613279e+01
   1.2420132e+02   7.5604539e+01
   1.1225988e+02   8.7478202e+01
   7.3682811e+01   1.1029176e+02
   1.3447179e+02   7.9721542e+01
   1.1159517e+02   8.8407688e+01
   1.2363561e+02   8.1782109e+01
   1.3184417e+02   8.1796711e+01
   1.1059878e+02   6.9290003e+01
   1.4385136e+02   7.0199713e+01
   9.9852281e+01   1.3257399e+02
   1.1331198e+02   8.1075758e+01
   7.8017172e+01   1.1043492e+02
   1.0301560e+02   8.9616823e+01
   7.1398862e+01   1.0176855e+02
   9.2327253e+01   1.0382952e+02
   5.6096951e+01   1.2573288e+02
   6.4597562e+01   1.3751544e+02
   8.4641114e+01   1.1004216e+02
   1.1342965e+02   1.2649130e+02
   1.2960993e+02   9.0593878e+01
   1.1451536e+02   1.0277008e+02
   8.7801679e+01   1.1899133e+02
   1.1246089e+02   1.0104553e+02
   8.2573703e+01   1.4011032e+02
   1.0201733e+02   1.2826971e+02
   8.6866844e+01   1.0849840e+02
   7.8190586e+01   1.0558379e+02
   1.3162619e+02   9.0158481e+01
   1.0102845e+02   6.0825672e+01
   8.9672962e+01   1.2802034e+02
   9.3182796e+01   1.1192996e+02
   9.3279732e+01   1.3020387e+02
   1.1322803e+02   9.3343431e+01
   9.0488175e+01   1.2400708e+02
   7.5558488e+01   1.1498883e+02
   1.3530269e+02   8.5016677e+01
   1.2225326e+02   7.7357997e+01
   1.2974870e+02   9.6602142e+01
   1.0578263e+02   8.5094221e+01
   9.2411460e+01   1.2417961e+02
   1.3977924e+02   8.1979050e+01
   1.4373062e+02   1.0423185e+02
   1.3360083e+02   1.1718634e+02
   1.0426458e+02   8.1472452e+01
   1.0342641e+02   1.4773255e+02
   1.3371196e+02   8.1423211e+01
   1.3576700e+02   7.3485919e+01
   7.7967458e+01   1.0832569e+02
   1.2906507e+02   9.2282853e+01
   8.0022806e+01   1.3676829e+02
   1.1646400e+02   7.2326248e+01
   1.1389213e+02   1.2987211e+02
   1.0532143e+02   6.5719625e+01
   1.4364543e+02   9.0404960e+01
   1.3110793e+02   1.0972122e+02
   1.0250142e+02   1.2148872e+02
   9.4548509e+01   1.0319417e+02
   5.8195408e+01   1.6010920e+02
   9.3959471e+01   1.2189116e+02
   8.8150637e+01   1.5014870e+02
   1.1064462e+02   8.3678128e+01
   1.2052125e+02   1.0059811e+02
   9.1529351e+01   1.2263248e+02
   1.1330654e+02   9.8955427e+01
   8.0697672e+01   1.1490984e+02
   1.2639938e+02   8.9306543e+01
   1.1838763e+02   6.8872765e+01
   1.0703403e+02   6.5109246e+01
   1.4006017e+02   9.5029922e+01
   1.2352306e+02   9.0235240e+01
   1.0550125e+02   8.4567350e+01
   1.0157394e+02   1.1120201e+02
   7.7174518e+01   1.2699344e+02
   1.3556380e+02   8.6385455e+01
   1.1402695e+02   7.4750550e+01
   1.0832013e+02   8.7669945e+01
   7.4812315e+01   1.0449135e+02
   1.2380141e+02   8.7246388e+01
   1.3099637e+02   9.6793032e+01
   1.0452360e+02   7.8417118e+01
   1.2306769e+02   9.5775801e+01
   1.2338692e+02   8.3960518e+01
   1.1746568e+02   9.6170411e+01
   1.0192005e+02   1.4473019e+02
   1.1305222e+02   7.9884306e+01
   1.0348739e+02   1.3908107e+02
   8.8398767e+01   1.2386770e+02
   1.5246109e+02   4.1714147e+01
   9.6374909e+01   1.1457362e+02
   1.1177314e+02   8.5242530e+01
   1.1974610e+02   1.0401796e+02
   8.2797063e+01   1.2336893e+02
   8.2883235e+01   1.1782096e+02
   7.9961017e+01   1.1279859e+02
   1.3442091e+02   8.5389275e+01
   1.3780729e+02   8.6358349e+01
   9.6485105e+01   1.4085157e+02
   1.0516620e+02   8.7843803e+01
   1.1536829e+02   8.5069345e+01
   1.1854512e+02   8.6400589e+01
   6.3167065e+01   1.1100210e+02
   1.2616070e+02   9.3797581e+01
   1.2125049e+02   7.3615951e+01
   1.1642582e+02   6.6391152e+01
   7.3430316e+01   1.2707113e+02
   1.2123321e+02   6.9255755e+01
   8.5998738e+01   1.1894055e+02
   1.2639221e+02   8.1651167e+01
   1.5136176e+02   7.9646616e+01
   1.0370199e+02   7.4889456e+01
   1.3140163e+02   9.1051005e+01
   1.1147299e+02   1.3953342e+02
   9.4392188e+01   1.4920965e+02
   9.4912619e+01   1.3063531e+02
   9.4469484e+01   7.1765164e+01
   8.3985777e+01   1.3166272e+02
   1.3484562e+02   9.6662109e+01
   9.7552195e+01   1.2431309e+02
   9.9360114e+01   1.1351188e+02
   1.1519587e+02   7.9471365e+01
   1.4185167e+02   1.0456430e+02
   1.2374903e+02   1.0877924e+02
   1.2256831e+02   1.0261116e+02
   7.7813204e+01   1.0186594e+02
   1.5090136e+02   6.7207998e+01
   9.1971585e+01   1.6657312e+02
   1.0216567e+02   9.2450221e+01
   1.1596079e+02   9.4281966e+01
   9.7436325e+01   1.3098306e+02
   1.0137018e+02   6.7458693e+01
   6.0560653e+01   1.3811217e+02
   1.1971596e+02   1.0583773e+02
   8.6242679e+01   1.0737389e+02
   8.8202495e+01   1.3354272e+02
   1.2248559e+02   8.7023917e+01
   9.4100748e+01   1.0319368e+02
   1.3630299e+02   1.0779609e+02
   1.0959601e+02   1.3167203e+02
   1.2551508e+02   7.5205771e+01
   8.3549749e+01   1.1830153e+02
   9.1268221e+01   1.2506268e+02
   1.4083624e+02   1.0172465e+02
   1.5477281e+02   1.0271575e+02
   8.0044357e+01   1.2113937e+02
   1.0441692e+02   1.2543044e+02
   1.3433105e+02   9.3329122e+01
   9.8060676e+01   1.0895805e+02
   1.4193535e+02   9.6815658e+01
   5.9172315e+01   1.1643585e+02
   1.0199462e+02   8.7089660e+01
   1.2169934e+02   7.9180593e+01
   7.7117308e+01   1.2868908e+02
   9.4354129e+01   7.1584076e+01
   9.4537575e+01   1.2704927e+02
   1.3355316e+02   8.7307596e+01
   1.1041321e+02   9.0387009e+01
   1.0674374e+02   1.2287554e+02
   8.4342718e+01   1.3394237e+02
   9.9763017e+01   1.3282567e+02
   1.2188650e+02   1.0112995e+02
   1.4216925e+02   9.2873376e+01
   8.9968985e+01   1.0863990e+02
   1.3018862e+02   8.4768815e+01
   1.0978427e+02   9.6184552e+01
   1.1982717e+02   7.4004887e+01
   6.1487594e+01   1.1782394e+02
   1.0273240e+02   1.4062450e+02
   8.0455041e+01   1.2145358e+02
   1.1494245e+02   6.9753437e+01
   9.7810517e+01   8.0295310e+01
   7.0076848e+01   1.1707442e+02
   1.2038893e+02   9.5446833e+01
   9.3154826e+01   1.1507488e+02
   9.5908878e+01   8.5477262e+01
   1.2455848e+02   1.1049600e+02
   8.5641212e+01   1.3026611e+02
   7.3117344e+01   1.4572634e+02
   1.0235211e+02   9.2429084e+01
   9.5891883e+01   1.1439267e+02
   1.0491683e+02   9.1890614e+01
   1.0207713e+02   1.1660349e+02
   1.3179865e+02   7.7440419e+01
   1.1599896e+02   7.7548755e+01
   8.7867628e+01   1.1675433e+02
   1.0990969e+02   1.3782705e+02
   1.1066453e+02   7.5880941e+01
   9.5488380e+01   1.2471669e+02
   7.2717570e+01   1.1148837e+02
   1.1685245e+02   8.1467411e+01
   8.7329733e+01   1.1934320e+02
   1.2472692e+02   8.2835939e+01
   5.5651942e+01   1.1449885e+02
   9.7166395e+01   1.2993954e+02
   1.3343675e+02   6.7719459e+01
   9.7929842e+01   1.1945439e+02
   1.1698347e+02   8.7528710e+01
   1.3392103e+02   1.1191726e+02
   5.9241039e+01   1.0848183e+02
   9.7552913e+01   6.9745005e+01
   9.3066657e+01   1.1915660e+02
   1.2844450e+02   1.0407809e+02
   1.1275761e+02   8.2013775e+01
   1.1180493e+02   1.2847036e+02
   8.8207334e+01   1.3034445e+02
   1.3876221e+02   9.5046619e+01
   1.0046508e+02   1.1544814e+02
   1.2596223e+02   1.0084060e+02
   1.0786178e+02   6.8161932e+01
   1.4131136e+02   1.0926757e+02
   1.2013096e+02   1.0335920e+02
   9.2495801e+01   1.1407052e+02
   9.8456008e+01   1.2153677e+02
   1.2517704e+02   8.1693026e+01
   1.0163069e+02   1.2358498e+02
   8.4759998e+01   1.3561256e+02
   7.7509961e+01   1.3928296e+02
   1.0382133e+02   7.8064864e+01
   8.5086188e+01   1.3754854e+02
   1.3427766e+02   1.1103222e+02
   9.4161037e+01   1.2765300e+02
   1.0524765e+02   1.2811987e+02
   8.9764257e+01   1.1430462e+02
   6.2754480e+01   1.2684128e+02
   1.1478914e+02   9.5374464e+01
   9.2547104e+01   1.0519423e+02
   9.6819314e+01   1.1317994e+02
   1.1722241e+02   7.0810166e+01
   8.1117557e+01   1.0599203e+02
   1.1883707e+02   8.4504424e+01
   1.1916300e+02   9.1617146e+01
   9.0921352e+01   1.2185206e+02
   8.0525517e+01   1.5531392e+02
   5.9079830e+01   8.2289150e+01
   1.0755248e+02   1.2245345e+02
   1.1277797e+02   9.4654359e+01
   1.3608149e+02   8.3487512e+01
   1.2067043e+02   9.7966254e+01
   9.8363769e+01   1.0863757e+02
   1.1629774e+02   7.3895369e+01
   1.2741345e+02   9.9789982e+01
   1.2982162e+02   7.6105925e+01
   1.3094849e+02   9.7975115e+01
   1.0516437e+02   1.2491123e+02
   1.4037035e+02   1.0041054e+02
   8.4499167e+01   1.3400284e+02
   1.1117630e+02   1.0183797e+02
   6.8497488e+01   1.3597123e+02
   1.2734416e+02   8.5044477e+01
   9.0528896e+01   1.4014744e+02
   1.0504054e+02   9.6025027e+01
   1.5467817e+02   9.2539938e+01
   7.3619345e+01   1.1464330e+02
   1.7099132e+02   8.7021025e+01
   1.1981263e+02   8.3507605e+01
   1.3901131e+02   1.0592169e+02
   1.0383965e+02   1.1673153e+02
   1.1733249e+02   1.0260806e+02
   1.0210840e+02   1.2925585e+02
   1.2079133e+02   8.3962568e+01
   6.2754057e+01   1.1215340e+02
   7.3666256e+01   8.4901250e+01
   1.0682713e+02   1.1667478e+02
   9.4093168e+01   1.1321577e+02
   1.0258002e+02   1.3102894e+02
   7.3534823e+01   1.1993442e+02
   1.1246866e+02   1.2802251e+02
   1.1148681e+02   8.9987115e+01
   1.1375565e+02   1.4730660e+02
   1.2091077e+02   9.0912420e+01
   1.3320914e+02   9.8871904e+01
   7.8930387e+01   1.3799069e+02
   1.0610137e+02   8.7674165e+01
   1.2130456e+02   1.0376779e+02
   1.1382997e+02   1.0094898e+02
   1.1929410e+02   9.1489604e+01
   1.1279322e+02   1.0133409e+02
   1.2436298e+02   5.8887316e+01
   9.2978094e+01   1.2502705e+02
   8.9689520e+01   1.4227615e+02
   8.7989166e+01   1.0918154e+02
   9.7388895e+01   1.3439571e+02
   1.0807828e+02   9.6516531e+01
   9.7840158e+01   1.4685046e+02
   1.0986191e+02   9.6074093e+01
   9.0173848e+01   7.6084746e+01
   1.2869003e+02   1.0695829e+02
   1.0407871e+02   1.2210472e+02
   1.0538355e+02   4.7255658e+01
   1.0685491e+02   1.1792535e+02
   1.1034087e+02   8.8123062e+01
   1.4130118e+02   1.0999271e+02
   9.7793542e+01   1.1053513e+02
   9.4796661e+01   1.3479933e+02
   7.4469075e+01   1.1986534e+02
   1.2073263e+02   9.3474396e+01
   8.9136287e+01   1.3708244e+02
   1.4027175e+02   8.5784328e+01
   1.3534635e+02   8.2915534e+01
   9.4380196e+01   1.5880587e+02
   1.1661715e+02   9.7735198e+01
   1.1534636e+02   1.0067676e+02
   1.5141220e+02   8.9845950e+01
   1.4267271e+02   7.8964644e+01
   8.6881624e+01   1.1444444e+02
   7.6200217e+01   1.5171669e+02
   9.7275860e+01   1.4493130e+02
   1.1999281e+02   9.4716995e+01
   6.5888165e+01   9.2755149e+01
   9.8670339e+01   1.1177342e+02
   7.9543723e+01   1.2969955e+02
   4.6923728e+01   1.2624085e+02
   6.7459276e+01   1.1751585e+02
   8.6777080e+01   1.1861670e+02
   8.5135865e+01   1.0372539e+02
   1.2789264e+02   9.2847484e+01
   8.4530466e+01   1.0638333e+02
   9.1305882e+01   1.0650200e+02
   1.2499817e+02   7.3390747e+01
   1.3360747e+02   1.0052581e+02
   9.3312150e+01   1.3671838e+02
   1.0170282e+02   8.6802989e+01
   1.2161448e+02   9.4572880e+01
   1.1904515e+02   9.0878973e+01
   8.4188586e+01   1.1148350e+02
   8.9482214e+01   1.0962783e+02
   7.6718847e+01   1.1792780e+02
   9.6917811e+01   1.2718618e+02
   8.1903646e+01   1.3009871e+02
   8.9960205e+01   1.1211369e+02
   7.4995068e+01   8.8588622e+01
   8.9115817e+01   1.2951038e+02
   8.3105943e+01   1.3447420e+02
   8.0119744e+01   1.0386858e+02
   1.0267590e+02   6.9724844e+01
   8.6345147e+01   1.4156528e+02
   9.0773351e+01   1.0436282e+02
   9.3910741e+01   1.3394184e+02
   6.4758604e+01   1.4489481e+02
   1.3760147e+02   6.6405330e+01
   8.2647989e+01   1.2553954e+02
   1.0745895e+02   6.9327319e+01
   1.0402518e+02   1.3161157e+02
   1.3126017e+02   1.1488522e+02
   1.3308653e+02   1.0312127e+02
   8.1125310e+01   1.2438165e+02
   1.0882495e+02   8.4399605e+01
   1.1864156e+02   1.4380680e+02
   1.3636775e+02   8.2466878e+01
   7.4241767e+01   1.3010608e+02
   8.2248793e+01   1.0551653e+02
   1.1677066e+02   1.0366605e+02
   1.0091795e+02   1.3371486e+02
   9.3181916e+01   1.3522119e+02
   7.5718336e+01   1.2714801e+02
   1.0824592e+02   1.4292203e+02
   4.1830802e+01   1.0037767e+02
   7.4175188e+01   1.3806111e+02
   1.1519239e+02   1.0684811e+02
   7.0446355e+01   1.3880757e+02
   7.5067313e+01   1.0185279e+02
   8.4833096e+01   1.1154542e+02
   1.3859576e+02   8.7122327e+01
   8.4310810e+01   9.9421318e+01
   6.7281872e+01   1.0609834e+02
   1.4952233e+02   1.0922748e+02
   7.4654952e+01   1.3832045e+02
   9.3819673e+01   1.1902590e+02
   1.3888770e+02   8.8595012e+01
   7.7360082e+01   1.6353133e+02
   1.1976429e+02   6.3414771e+01
   8.3162696e+01   1.3675629e+02
   1.4060444e+02   6.9223251e+01
   1.0017784e+02   1.2816611e+02
   1.1747995e+02   8.5779308e+01
   1.2927636e+02   9.0162907e+01
   1.4620611e+02   7.7424151e+01
   1.1306768e+02   7.4665929e+01
   1.0726616e+02   1.1927307e+02
   1.4488753e+02   1.2816475e+02
   1.2170873e+02   7.8475399e+01
   1.1182621e+02   9.4410163e+01
   8.8608887e+01   1.2614232e+02
   8.2681277e+01   1.1984510e+02
   8.5815436e+01   1.0418343e+02
   1.0323627e+02   1.1674702e+02
   1.0847134e+02   1.3016866e+02
   8.4387047e+01   1.1426607e+02
   1.2229803e+02   8.5386246e+01
   1.1263498e+02   8.6105780e+01
   7.5645408e+01   1.2580678e+02
   1.2400063e+02   1.0125566e+02
   1.2934553e+02   1.1279802e+02
   1.2160019e+02   7.8397572e+01
   1.3743093e+02   1.1617804e+02
   1.1606832e+02   8.7598200e+01
   1.3398169e+02   9.5395502e+01
   1.2914172e+02   9.2807580e+01
   7.3764975e+01   1.4982730e+02
   1.4624555e+02   8.5114321e+01
   9.1697447e+01   1.0689547e+02
   1.4015252e+02   9.8588604e+01
   9.7168269e+01   1.1689158e+02
   8.8468933e+01   1.0000586e+02
   1.0870998e+02   1.2363402e+02
   6.6474316e+01   1.2539931e+02
   1.5497317e+02   6.1862514e+01
   9.3381544e+01   1.2615212e+02
   1.1423960e+02   8.5583532e+01
   1.3861640e+02   1.0137000e+02
   7.0848387e+01   1.2016771e+02
   9.2055351e+01   1.0560882e+02
   1.2130064e+02   9.5289242e+01
   1.1432417e+02   6.8138218e+01
   8.6086002e+01   1.3520330e+02
   8.5158127e+01   1.3851691e+02
   1.0813762e+02   1.3769222e+02
   9.2437606e+01   1.2846149e+02
   9.8296283e+01   8.0311482e+01
   1.0571414e+02   1.3111209e+02
   1.2499774e+02   9.7605081e+01
   1.2117397e+02   1.3481217e+02
   8.0317723e+01   1.1951948e+02
   1.0984700e+02   6.1354640e+01
   1.4035328e+02   7.6353077e+01
   9.1635295e+01   1.4071487e+02
   8.2961152e+01   1.2603277e+02
   1.3133780e+02   1.0095189e+02
   9.2404877e+01   1.2634578e+02
   9.0284902e+01   1.4501556e+02
   1.0632398e+02   1.2895053e+02
   1.1759443e+02   7.9499444e+01
   6.6220043e+01   1.3407971e+02
   7.0638025e+01   1.3243610e+02
   1.1204302e+02   6.8190723e+01
   1.0730023e+02   1.1633756e+02
   7.9973198e+01   9.9518070e+01
   9.0169985e+01   1.2660210e+02
   9.3957671e+01   1.2055573e+02
   1.2036528e+02   8.1124093e+01
   1.0040414e+02   4.8111028e+01
   7.8782596e+01   1.1489702e+02
   9.4076780e+01   7.0682405e+01
   1.2980599e+02   7.4321275e+01
   1.4242083e+02   6.2695470e+01
   9.8698576e+01   1.2273706e+02
   1.1985893e+02   1.3328618e+02
   6.6288434e+01   9.9689270e+01
   8.4830345e+01   1.0056306e+02
   7.3864314e+01   1.3241141e+02
   1.3572884e+02   1.2356050e+02
   9.8437498e+01   1.1281849e+02
   1.2973281e+02   9.6324157e+01
   1.4311998e+02   1.0123612e+02
   1.0927475e+02   9.0578277e+01
   1.3542229e+02   9.4524578e+01
   6.5432866e+01   1.1555100e+02
   1.2303585e+02   9.3933907e+01
   6.7466002e+01   1.0910867e+02
   1.1674212e+02   9.4345256e+01
   8.2014992e+01   1.2473533e+02
   6.4367208e+01   1.1553414e+02
   1.3663823e+02   7.6242118e+01
   9.7543765e+01   1.1156615e+02
   1.2805312e+02   9.4360538e+01
   1.1829831e+02   8.1246001e+01
   9.5202401e+01   1.4302509e+02
   1.3957403e+02   9.5801187e+01
   1.2597780e+02   1.0284631e+02
   1.3626787e+02   7.7141184e+01
   8.5279228e+01   1.1680405e+02
   1.3214266e+02   1.1384004e+02
   1.4529786e+02   1.0238608e+02
   1.2658342e+02   9.7664135e+01
   1.1427953e+02   8.9108620e+01
   9.6783794e+01   1.4520595e+02
   1.5023829e+02   8.7361009e+01
   1.2635652e+02   7.5202440e+01
   1.1296841e+02   6.9507709e+01
   1.0304917e+02   1.6514379e+02
   6.0168734e+01   1.4100064e+02
   9.4584270e+01   1.1859952e+02
   1.1348393e+02   9.4369669e+01
   8.4585756e+01   1.2157437e+02
   1.1816177e+02   8.2246506e+01
   4.4283638e+01   1.1876592e+02
   1.0927559e+02   8.3714889e+01
   9.3734073e+01   1.2823603e+02
   1.2191049e+02   8.9809818e+01
   7.7047271e+01   1.2111113e+02
   8.3829256e+01   1.2627040e+02
   1.1278094e+02   9.7715708e+01
   1.3673520e+02   1.0774835e+02
   9.9607618e+01   1.1774747e+02
   1.2341968e+02   7.1741493e+01
   1.0596832e+02   8.7103196e+01
   9.3108567e+01   1.1746995e+02
   8.5479327e+01   1.3429138e+02
   1.2729554e+02   8.0656446e+01
   1.0412399e+02   1.1604391e+02
   1.2959949e+02   1.1246392e+02
   8.6464151e+01   1.2385801e+02
   9.0575278e+01   1.1874898e+02
   1.2885455e+02   9.8824989e+01
   1.3804016e+02   7.7952400e+01
   1.3456646e+02   8.9624009e+01
   8.5582212e+01   1.3056047e+02
   1.4034712e+02   9.9027452e+01
   1.5043844e+02   7.8476280e+01
   1.4437735e+02   1.0588286e+02
   1.0216837e+02   8.4286650e+01
   8.3451534e+01   1.3190300e+02
   1.2338690e+02   7.4856842e+01
   9.8010670e+01   1.3835124e+02
   1.3509383e+02   9.8879948e+01
   1.3562583e+02   1.0881560e+02
   1.4542912e+02   1.0201477e+02
   8.9418601e+01   1.2597692e+02
   7.3707081e+01   6.3788428e+01
   7.8388602e+01   1.4913829e+02
   1.3726034e+02   1.1292500e+02
   1.2960970e+02   8.1039146e+01
   7.5118543e+01   9.3966604e+01
   1.3401058e+02   1.0269367e+02
   9.5123709e+01   1.2414127e+02
   1.1758476e+02   5.8645871e+01
   1.1644508e+02   9.0829822e+01
   9.6659160e+01   1.2856277e+02
   1.4520264e+02   8.9701107e+01
   1.0193086e+02   1.2091795e+02
   1.1102516e+02   9.9133814e+01
   7.0932817e+01   1.4353945e+02
   1.2651133e+02   1.0216339e+02
   1.2827304e+02   9.9766610e+01
   1.3005907e+02   9.0536575e+01
   1.2219326e+02   9.5676124e+01
   1.0989418e+02   6.7172865e+01
   9.4579376e+01   1.2366723e+02
   1.3301644e+02   1.0763525e+02
   9.5162862e+01   1.2893277e+02
   1.1647546e+02   8.5917037e+01
   1.1763676e+02   6.8767260e+01
   1.3215691e+02   1.1041438e+02
   9.3817104e+01   1.4480319e+02
   1.4000402e+02   7.7505243e+01
   8.1574160e+01   1.0815168e+02
   1.0350442e+02   1.1822607e+02
   1.0494319e+02   1.2155554e+02
   9.5190072e+01   1.1031663e+02
   1.0897319e+02   7.0182949e+01
   1.0436296e+02   1.3594558e+02
   1.1740525e+02   1.0309473e+02
   1.3140042e+02   8.6392743e+01
   7.6387972e+01   1.1461008e+02
   1.4416025e+02   9.2910556e+01
   1.1801466e+02   7.8755709e+01
   1.2257340e+02   9.8163446e+01
   6.4555839e+01   1.3902452e+02
   1.3386807e+02   8.3212626e+01
   1.0632576e+02   1.3288786e+02
   1.1799828e+02   9.8091647e+01
   1.0175327e+02   1.3159477e+02
   1.0369283e+02   8.0685265e+01
   1.1287085e+02   7.5701179e+01
   7.9016797e+01   9.3305350e+01
   6.6841283e+01   9.3407245e+01
   1.1646893e+02   9.7743882e+01
   9.9143544e+01   1.3897998e+02
   8.6268660e+01   1.2458098e+02
   9.3309754e+01   1.4388239e+02
   1.1184739e+02   5.2745321e+01
   9.3029088e+01   1.1897999e+02
   1.2934676e+02   9.7800502e+01
   1.0426939e+02   6.5734528e+01
   9.3511039e+01   1.1751534e+02
   1.1363179e+02   8.1468097e+01
   6.3333690e+01   1.1646576e+02
   1.0966562e+02   1.3184444e+02
   1.1696401e+02   9.9732419e+01
   9.7348168e+01   1.1553904e+02
   7.7915147e+01   1.1629472e+02
   8.9874024e+01   1.0282027e+02
   1.3155128e+02   7.9417812e+01
   9.4379865e+01   1.2213246e+02
   1.2191363e+02   6.9339879e+01
   8.8925835e+01   1.1521517e+02
   7.6032523e+01   1.2557250e+02
   1.0376930e+02   1.2983768e+02
   9.5550917e+01   1.3114614e+02
   7.4540858e+01   1.3764802e+02
   8.7000746e+01   1.2351702e+02
   8.2587294e+01   1.1553702e+02
   8.2717021e+01   1.1010583e+02
   1.1733364e+02   1.2625016e+02
   1.4009649e+02   8.7489580e+01
   8.6818291e+01   1.3325960e+02
   8.0268657e+01   1.2985598e+02
   1.2234875e+02   9.8033510e+01
   1.1459732e+02   9.7542860e+01
   9.4128534e+01   1.0962361e+02
   1.2783772e+02   9.4394489e+01
   1.0985586e+02   7.2307949e+01
   6.3794954e+01   1.5979619e+02
   9.2620896e+01   1.1936194e+02
   8.0014620e+01   1.2821718e+02
   1.0457882e+02   9.1627440e+01
   1.0941412e+02   8.7109426e+01
   1.1964373e+02   8.3233738e+01
   9.7543115e+01   1.1555444e+02
   1.4147574e+02   9.1543763e+01
   8.8947600e+01   1.2362212e+02
   9.7809030e+01   1.1254184e+02
   1.2127630e+02   5.6304142e+01
   1.1855439e+02   7.9186803e+01
   9.0562320e+01   1.1200062e+02
   1.1966740e+02   9.0091410e+01
   5.9462437e+01   1.1646061e+02
   9.2728308e+01   1.2720218e+02
   1.0900597e+02   9.3825786e+01
   1.2206691e+02   7.4964800e+01
   1.1153105e+02   9.0430139e+01
   7.4450655e+01   1.2029213e+02
   7.9063777e+01   1.1421146e+02
   1.2232690e+02   9.6263323e+01
   7.9310011e+01   1.2993527e+02
   1.1957865e+02   5.6929268e+01
   1.1741692e+02   9.9267830e+01
   1.3279115e+02   1.0611860e+02
   1.4234932e+02   7.6259462e+01
   1.4321721e+02   9.3694888e+01
   7.6427323e+01   1.1520320e+02
   8.2509740e+01   1.3599445e+02
   1.1116931e+02   7.9939158e+01
   1.3624230e+02   7.2761872e+01
   1.0733042e+02   1.2725123e+02
   1.0991238e+02   9.7511180e+01
   1.0832130e+02   9.0198225e+01
   7.4637848e+01   1.3913765e+02
   1.1587817e+02   1.2505415e+02
   7.3768322e+01   1.0519829e+02
   1.3342360e+02   8.1775117e+01
   1.0050226e+02   1.2455031e+02
   8.3899622e+01   1.2161912e+02
   1.3653594e+02   9.2954431e+01
   9.8538614e+01   1.2746113e+02
   8.0866837e+01   1.3155300e+02
   1.6558677e+02   9.1291369e+01
   9.6137855e+01   1.2822356e+02
   6.4607275e+01   1.1918568e+02
   1.2536684e+02   7.9288211e+01
   1.2821858e+02   8.8312387e+01
   8.8676824e+01   1.0941234e+02
   9.4433987e+01   1.2574392e+02
   1.1358747e+02   1.4024800e+02
   8.2789709e+01   1.2347976e+02
   1.4547504e+02   8.7016712e+01
   1.2569912e+02   6.7508037e+01
   1.5480187e+02   1.0408520e+02
   1.2616509e+02   8.9336998e+01
   1.2608881e+02   8.6874606e+01
   8.8685484e+01   1.1625136e+02
   1.4095819e+02   1.0607550e+02
   9.9466829e+01   1.4326721e+02
   8.8457973e+01   1.1173152e+02
   1.3200198e+02   6.4660149e+01
   8.3299870e+01   1.0974115e+02
   1.1564440e+02   1.0117857e+02
   1.1583261e+02   1.0341672e+02
   1.2080228e+02   8.2390705e+01
   9.6280091e+01   1.5025472e+02
   1.0895881e+02   1.4590939e+02
   9.6381438e+01   1.4134624e+02
   1.3569652e+02   6.3382804e+01
   1.2087472e+02   8.9211035e+01
   7.7729099e+01   1.2326976e+02
   9.7219012e+01   6.6943395e+01
   1.0135210e+02   9.3580409e+01
   1.2582506e+02   1.1264025e+02
   1.2903409e+02   9.1233580e+01
   1.3199674e+02   9.0771411e+01
   1.3347912e+02   1.1257968e+02
   7.6285122e+01   1.1787972e+02
   9.7670946e+01   1.1404867e+02
   1.1837580e+02   6.4523015e+01
   1.4547197e+02   1.1517086e+02
   1.0452370e+02   8.0352117e+01
   1.2891929e+02   1.0397135e+02
   1.0194273e+02   7.6728141e+01
   1.0456571e+02   7.2847531e+01
   1.1987397e+02   9.6261658e+01
   1.3798598e+02   8.4132409e+01
   8.2101069e+01   1.1084771e+02
   1.2464487e+02   9.7557496e+01
   1.1244083e+02   9.7133661e+01
   1.0166308e+02   1.3194908e+02
   1.1966287e+02   8.5048805e+01
   8.4045541e+01   1.2686444e+02
   1.2495724e+02   1.0355433e+02
   9.6499358e+01   1.1716147e+02
   1.3298765e+02   1.0050831e+02
   1.0684808e+02   6.7093005e+01
   1.2308061e+02   9.4703498e+01
   1.1028924e+02   1.4765442e+02
   1.0033738e+02   1.1376319e+02
   9.7473844e+01   1.1221278e+02
   1.2136510e+02   1.0168175e+02
   8.1401584e+01   1.2362255e+02
   1.1251169e+02   6.8267540e+01
   9.7302550e+01   1.1543882e+02
   1.1851611e+02   7.4468970e+01
   7.1471164e+01   1.2887678e+02
   9.2911110e+01   1.3175519e+02
   6.7470675e+01   1.3221704e+02
   1.1710541e+02   1.3603008e+02
   9.6004092e+01   1.2686662e+02
   1.0211231e+02   1.4238447e+02
   1.5470826e+02   9.2742022e+01
   1.3504176e+02   8.9267053e+01
   1.2471012e+02   9.3082836e+01
   1.3197972e+02   1.1722035e+02
   1.2251496e+02   1.0901041e+02
   1.3278165e+02   6.8119505e+01
   1.2593705e+02   1.1708110e+02
   1.2174174e+02   1.0328454e+02
   1.0424914e+02   1.2502973e+02
   1.4879187e+02   7.9734414e+01
   1.2064279e+02   7.4654060e+01
   1.2043299e+02   1.0858548e+02
   1.0106402e+02   1.5208561e+02
   1.3318999e+02   8.6213964e+01
   6.0089855e+01   1.4083823e+02
   1.1464752e+02   7.6381819e+01
   7.3276110e+01   1.0038904e+02
   1.4121556e+02   8.9542999e+01
   9.5677003e+01   1.0783689e+02
   1.1555410e+02   8.9967202e+01
   1.0879540e+02   1.5317968e+02
   1.3377119e+02   9.0828514e+01
   1.0232400e+02   6.2374476e+01
   1.1418630e+02   1.4428475e+02
   1.1901617e+02   8.7370739e+01
   1.2654936e+02   1.0164003e+02
   1.2796621e+02   7.9290963e+01
   1.1574549e+02   1.0355527e+02
   1.3580878e+02   7.0116569e+01
   8.8488721e+01   1.4982803e+02
   1.3959147e+02   1.1127522e+02
   1.1683553e+02   8.2313245e+01
   1.1108905e+02   1.4542157e+02
   8.5369545e+01   1.1584149e+02
   1.0437287e+02   1.3949281e+02
   1.3585343e+02   7.9993322e+01
   9.1612240e+01   1.3182212e+02
   1.3159864e+02   1.0643508e+02
   1.4062117e+02   7.5056375e+01
   1.0886862e+02   9.2671549e+01
   9.1800406e+01   1.1476065e+02
   7.9169573e+01   1.3473413e+02
   8.7590714e+01   1.2761653e+02
   9.2460361e+01   1.3025461e+02
   9.5482377e+01   1.3633758e+02
   1.0639655e+02   6.7019865e+01
   1.4486752e+02   9.8836772e+01
   8.4083171e+01   1.1498255e+02
   1.1806034e+02   1.3472263e+02
   1.0195253e+02   1.1870108e+02
   9.3805130e+01   1.2469984e+02
   9.2419397e+01   1.3427417e+02
   7.5609742e+01   1.2624854e+02
   1.0606479e+02   1.3608897e+02
   1.3133911e+02   7.7231983e+01
   1.1611522e+02   6.8598082e+01
   1.4120726e+02   1.0358668e+02
   1.0879054e+02   1.2705739e+02
   1.1619249e+02   1.0166877e+02
   1.2759962e+02   7.7352145e+01
   9.8322966e+01   1.5448689e+02
   8.1581804e+01   1.2070594e+02
   9.0325973e+01   1.2213330e+02
   9.8388050e+01   1.3460326e+02
   8.2004505e+01   1.1689607e+02
   7.8679783e+01   1.3853894e+02
   8.7890130e+01   1.2775355e+02
   1.4354564e+02   7.2875319e+01
   1.2082375e+02   7.5571232e+01
   1.0242101e+02   1.2027036e+02
   8.0168794e+01   1.1026191e+02
   9.1469208e+01   1.2373328e+02
   7.3449119e+01   1.0967156e+02
   8.0569068e+01   9.0484681e+01
   9.9897994e+01   7.2561663e+01
   1.2854606e+02   9.6013814e+01
   1.0605725e+02   1.3196554e+02
   9.2708795e+01   1.1602504e+02
   1.3087460e+02   9.5261976e+01
   9.0390976e+01   1.1955820e+02
   1.1862747e+02   9.6161701e+01
   1.4206679e+02   9.1118044e+01
   1.1010939e+02   1.4540631e+02
   1.1338665e+02   8.3931020e+01
   8.4203267e+01   1.1589577e+02
   1.0629672e+02   8.9965866e+01
   1.0809480e+02   8.8569802e+01
   1.1211137e+02   1.0227515e+02
   1.1454306e+02   1.0038456e+02
   1.0150274e+02   1.2560236e+02
   1.3217472e+02   9.0938814e+01
   9.9413581e+01   1.1501209e+02
   1.4592326e+02   1.0806708e+02
   1.0883879e+02   9.4025034e+01
   1.5288792e+02   9.7900382e+01
   9.3810925e+01   1.1932741e+02
   1.3403599e+02   1.1604920e+02
   1.4804485e+02   6.4544539e+01
   9.9233665e+01   1.4695779e+02
   9.9029706e+01   1.2718740e+02
   5.9688530e+01   1.2777789e+02
   7.8080578e+01   1.2408662e+02
   6.1971416e+01   1.1617163e+02
   7.1274778e+01   1.0699607e+02
   1.3681103e+02   8.1430287e+01
   7.7391635e+01   1.0520768e+02
   1.4477701e+02   9.2494134e+01
   1.2845900e+02   9.2920577e+01
   1.0412492e+02   1.3476967e+02
   9.4324271e+01   7.5461713e+01
   9.2476107e+01   1.1206022e+02
   8.2619984e+01   1.3185820e+02
   8.1721554e+01   1.2089471e+02
   9.4244479e+01   1.1187905e+02
   1.1369682e+02   1.3865239e+02
   1.3715878e+02   1.1257523e+02
   1.3971663e+02   7.6845884e+01
   9.1003238e+01   1.3518217e+02
   1.3713467e+02   5.6218452e+01
   1.2407752e+02   6.0637269e+01
   1.4152798e+02   8.5816544e+01
   1.1747090e+02   1.4611917e+02
   1.0896117e+02   9.7457210e+01
   1.0085776e+02   1.5093585e+02
   9.1393778e+01   1.0758161e+02
   1.2743392e+02   9.3029431e+01
   1.3418012e+02   8.8216268e+01
   1.1139750e+02   1.5290896e+02
   9.9687006e+01   1.1432724e+02
   9.6207231e+01   1.2944276e+02
   1.4295332e+02   9.0103331e+01
   1.2120411e+02   7.5934916e+01
   1.3752135e+02   9.5988874e+01
   8.0380452e+01   1.0521626e+02
   1.1197202e+02   8.9075866e+01
   1.1568079e+02   7.6303258e+01
   1.1748903e+02   8.8222118e+01
   1.0757779e+02   7.1704606e+01
   1.3676543e+02   1.1131890e+02
   9.4652563e+01   1.2174722e+02
   7.6374958e+01   1.2189589e+02
   1.0719130e+02   1.4095368e+02
   1.3773340e+02   1.0686155e+02
   9.8993036e+01   8.2490424e+01
   1.2837103e+02   1.0799477e+02
   8.8127006e+01   1.0744746e+02
   9.6889228e+01   1.1399882e+02
   1.3345003e+02   8.7548228e+01
   8.3257916e+01   1.1323658e+02
   7.6637807e+01   1.2291475e+02
   1.1210563e+02   9.6432571e+01
   9.2224043e+01   1.2057027e+02
   8.3157038e+01   1.0609484e+02
   9.4315840e+01   1.1786899e+02
   1.2257249e+02   1.3824161e+02
   1.0972793e+02   9.9454969e+01
   1.0296937e+02   1.1430941e+02
   1.5703358e+02   7.4185463e+01
   8.1261554e+01   1.1768375e+02
   1.5054975e+02   9.1554380e+01
   8.9552177e+01   1.2736431e+02
   1.4163495e+02   1.2637632e+02
   7.1404050e+01   1.4005758e+02
   1.1589891e+02   8.6507468e+01
   1.0848575e+02   1.4303556e+02
   1.4137380e+02   6.2259298e+01
   1.1512614e+02   8.4458794e+01
   1.1704641e+02   1.0151763e+02
   8.1184093e+01   1.0652416e+02
   7.7528838e+01   1.2362970e+02
   1.4573384e+02   6.8518801e+01
   1.0933065e+02   8.2222120e+01
   1.1540364e+02   9.6446900e+01
   8.4036659e+01   1.3229422e+02
   1.3417984e+02   6.4241279e+01
   1.0335545e+02   8.5547776e+01
   8.2602697e+01   1.2162898e+02
   7.6755802e+01   1.2484745e+02
   1.5172093e+02   7.7457287e+01
   1.1127612e+02   1.4790450e+02
   8.5881570e+01   1.1547381e+02
   7.5412023e+01   1.1040833e+02
   1.3215133e+02   9.2131391e+01
   8.6420077e+01   1.1292910e+02
   1.4549131e+02   1.1030571e+02
   1.2121096e+02   8.8384650e+01
   7.4567016e+01   1.2529005e+02
   1.2429627e+02   7.2488257e+01
   1.1605821e+02   1.2760175e+02
   1.0603467e+02   1.2711032e+02
   9.0492370e+01   1.1876787e+02
   7.6806710e+01   1.2234392e+02
   1.3149862e+02   8.8326074e+01
   1.4324566e+02   8.3861981e+01
   7.5386760e+01   1.3053604e+02
   7.3828774e+01   9.3185986e+01
   9.8048158e+01   1.2778006e+02
   1.3094555e+02   8.1149287e+01
   8.9397311e+01   1.2538002e+02
   1.1226344e+02   8.5635479e+01
   1.0517212e+02   1.3299440e+02
   8.1411015e+01   1.0388188e+02
   9.3182879e+01   1.1929134e+02
   1.1995112e+02   1.3032558e+02
   1.1298014e+02   1.0483978e+02
   1.2166681e+02   8.4796833e+01
   1.1838002e+02   7.9749358e+01
   1.3402952e+02   1.0474213e+02
   1.4071195e+02   1.0112909e+02
   7.2713517e+01   1.0272270e+02
   1.3494232e+02   1.0840577e+02
   1.0230889e+02   9.1469788e+01
   1.0084117e+02   1.2958616e+02
   8.9761223e+01   1.0955331e+02
   1.2930462e+02   1.0331798e+02
   8.4700839e+01   1.1624226e+02
   1.4086205e+02   8.8425318e+01
   1.1311600e+02   1.3134870e+02
   5.6099894e+01   1.2118838e+02
   1.3324792e+02   1.0049886e+02
   1.2373352e+02   8.1042568e+01
   9.3257301e+01   1.1214862e+02
   1.4305470e+02   7.5067989e+01
   8.3944419e+01   1.0848432e+02
   1.5124894e+02   8.8350895e+01
   1.0208933e+02   8.1517418e+01
   1.2780403e+02   9.5897304e+01
   9.5090061e+01   1.1999226e+02
   8.8615864e+01   1.1445461e+02
   1.0467204e+02   8.4074489e+01
   1.3503634e+02   8.4617384e+01
   9.5623404e+01   7.4404566e+01
   1.3340063e+02   7.7686332e+01
   1.1183291e+02   7.8855024e+01
   9.6779978e+01   1.3673396e+02
   1.2132200e+02   1.0833616e+02
   1.3623203e+02   8.8181966e+01
   7.8702325e+01   1.4789585e+02
   1.1686747e+02   8.3868691e+01
   5.8137895e+01   1.2519690e+02
   6.6499095e+01   1.1169854e+02
   1.0886560e+02   8.3002242e+01
   1.1096911e+02   1.4130247e+02
   7.8889741e+01   1.0359252e+02
   1.1072073e+02   9.4774357e+01
   1.2687798e+02   1.0602618e+02
   1.2865905e+02   9.9819613e+01
   9.6535898e+01   7.0167554e+01
   1.1061909e+02   1.2686483e+02
   1.0238645e+02   6.2786850e+01
   6.7250913e+01   9.8696519e+01
   8.2362294e+01   1.2200254e+02
   1.1161364e+02   9.4086205e+01
   8.8714850e+01   1.3658605e+02
   8.9241650e+01   1.5778267e+02
   1.1082415e+02   8.5433535e+01
   9.6568317e+01   1.2020996e+02
   8.6357765e+01   1.0397918e+02
   7.0938944e+01   1.1726328e+02
   8.4538266e+01   1.2130591e+02
   8.6028821e+01   9.5622047e+01
   8.9737738e+01   1.0212705e+02
   6.8198835e+01   1.1500680e+02
   3.4842996e+01   1.1276532e+02
   9.5229578e+01   1.1363419e+02
   1.3457655e+02   7.9208538e+01
   1.3532460e+02   1.1828838e+02
   1.0758540e+02   1.3562217e+02
   1.4120643e+02   8.7787272e+01
   8.5382008e+01   1.4471119e+02
   1.3381194e+02   8.6916382e+01
   1.2047130e+02   9.3830109e+01
   7.3519868e+01   1.0365802e+02
   1.0521606e+02   1.3900379e+02
   1.3714359e+02   8.6188350e+01
   1.3091354e+02   9.8912731e+01
   8.1947392e+01   1.1610790e+02
   1.1133437e+02   7.7883042e+01
   1.1090755e+02   7.7235563e+01
   7.5544787e+01   1.0909914e+02
   8.4446090e+01   1.0459379e+02
   1.2621361e+02   7.4055682e+01
   1.2890667e+02   1.1539193e+02
   9.3155670e+01   1.2207893e+02
   8.7270016e+01   1.3578815e+02
   1.1659828e+02   4.7213226e+01
   9.6233982e+01   1.1410970e+02
   7.2328650e+01   1.0702182e+02
   9.3038988e+01   1.2880467e+02
   1.0700445e+02   1.3864423e+02
   1.1703411e+02   1.0119146e+02
   9.6582288e+01   1.2422328e+02
   1.0602426e+02   9.7740334e+01
   7.8932533e+01   1.1276571e+02
   1.0033243e+02   1.3663298e+02
   7.8463669e+01   1.2325208e+02
   1.0542506e+02   7.8964790e+01
   8.6100537e+01   1.5655949e+02
   7.5622949e+01   1.2552561e+02
   9.2686658e+01   1.2735596e+02
   1.0163839e+02   7.8674517e+01
   1.0736792e+02   1.1849244e+02
   8.2873666e+01   9.7042003e+01
   1.0330051e+02   1.3046758e+02
   9.6770770e+01   1.6515930e+02
   9.2051178e+01   1.1728295e+02
   9.5899126e+01   8.6193125e+01
   1.3005964e+02   9.1716238e+01
   1.0368602e+02   9.5356161e+01
   1.0423444e+02   7.7255455e+01
   7.0681029e+01   1.1320052e+02
   9.3815722e+01   1.1909120e+02
   1.4549112e+02   7.9157784e+01
   1.3425100e+02   9.7150492e+01
   1.4442146e+02   1.1482264e+02
   9.3059307e+01   7.8809969e+01
   8.4580685e+01   1.1811809e+02
   9.8407698e+01   8.2217964e+01
   8.4062492e+01   1.0846083e+02
   1.0808656e+02   1.4475809e+02
   8.3971748e+01   1.2814759e+02
   1.0182613e+02   8.4151249e+01
   1.1448551e+02   8.4632363e+01
   1.3030405e+02   8.9051354e+01
   1.2330623e+02   8.2634940e+01
   1.2629278e+02   8.0973316e+01
   1.2619099e+02   1.0288241e+02
   7.6693813e+01   1.1199019e+02
   1.0209902e+02   1.3128904e+02
   1.0717671e+02   1.2778349e+02
   1.0791429e+02   1.2550361e+02
   1.1127224e+02   6.4275237e+01
   1.0915269e+02   9.0736152e+01
   9.9402659e+01   1.2352959e+02
   1.4145565e+02   1.2275426e+02
   1.0280275e+02   6.8822368e+01
   9.1684431e+01   1.1643364e+02
   1.0935378e+02   8.4860634e+01
   7.6885818e+01   1.6170346e+02
   8.9643493e+01   1.5218435e+02
   7.2670101e+01   1.2220507e+02
   1.3545736e+02   7.9367668e+01
   9.3975062e+01   7.8261068e+01
   1.2443950e+02   1.0715592e+02
   1.1994939e+02   7.5124681e+01
   8.5664989e+01   1.2502036e+02
   1.0893497e+02   1.2547828e+02
   9.2866461e+01   1.1830738e+02
   1.1606197e+02   1.5508872e+02
   1.0857768e+02   7.8629318e+01
   8.8556317e+01   1.2081335e+02
   8.2835938e+01   1.1069335e+02
   8.1898251e+01   1.1774081e+02
   9.4264998e+01   1.3023781e+02
   8.0767866e+01   1.2605161e+02
   1.1573696e+02   9.5355313e+01
   9.7648278e+01   1.2535592e+02
   1.0810545e+02   1.2959900e+02
   9.9259587e+01   7.9110194e+01
   9.5671533e+01   8.2709853e+01
   1.2221535e+02   9.1093833e+01
   1.1887466e+02   9.3018160e+01
   9.3173818e+01   1.1332401e+02
   9.0020087e+01   1.3113194e+02
   1.0610289e+02   1.2097233e+02
   1.1143546e+02   1.1968417e+02
   1.0229536e+02   9.3615224e+01
   6.6689793e+01   1.3845364e+02
   1.4772839e+02   9.2490309e+01
   1.0599292e+02   8.0573094e+01
   1.3908235e+02   1.0220022e+02
   9.0060644e+01   1.1582802e+02
   8.4975948e+01   1.2384251e+02
   1.0464309e+02   1.2157081e+02
   1.1148339e+02   8.6426320e+01
   9.2665377e+01   1.2764298e+02
   1.1992212e+02   8.1167641e+01
   7.0786948e+01   1.1119583e+02
   1.0021645e+02   1.2329768e+02
   7.6538880e+01   1.0654520e+02
   7.9297078e+01   1.3652608e+02
   8.0038001e+01   1.1864917e+02
   1.1357740e+02   6.8101337e+01
   9.7977941e+01   1.2935884e+02
   9.0160884e+01   1.2194149e+02
   9.7173302e+01   1.2454605e+02
   1.1978439e+02   8.8694674e+01
   7.7675623e+01   1.2163061e+02
   7.3606265e+01   1.0951035e+02
   1.0870928e+02   6.2986414e+01
   1.2445252e+02   9.0772613e+01
   8.5644169e+01   1.0791224e+02
   8.3625274e+01   1.1381966e+02
   9.7653526e+01   1.3489931e+02
   1.0601656e+02   1.3110614e+02
   1.2522638e+02   1.1080309e+02
   7.9718220e+01   1.2057227e+02
   1.1209220e+02   1.2518616e+02
   1.0138448e+02   7.5546983e+01
   1.2025199e+02   1.0058438e+02
   1.0546987e+02   1.3271143e+02
   8.2290642e+01   1.0575466e+02
   8.2632804e+01   1.2306153e+02
   1.1738340e+02   9.0451750e+01
   1.1508284e+02   8.6131098e+01
   1.0431233e+02   1.2235850e+02
   1.1321173e+02   8.4143147e+01
   1.2402680e+02   1.0802638e+02
   1.0765595e+02   1.1989284e+02
   8.9563419e+01   1.0934173e+02
   9.2771406e+01   1.1721835e+02
   1.3576189e+02   8.8547570e+01
   8.8190377e+01   1.1759622e+02
   9.7606845e+01   1.1367530e+02
   1.1342279e+02   9.3081520e+01
   6.8007111e+01   1.1091908e+02
   7.5760063e+01   1.2113185e+02
   1.4974987e+02   7.4666645e+01
   9.9549772e+01   1.3368038e+02
   1.0025855e+02   1.2544340e+02
   1.2494934e+02   1.1087047e+02
   1.2976982e+02   6.8224585e+01
   8.5539363e+01   1.0309517e+02
   1.0275011e+02   1.3513062e+02
   7.6303256e+01   1.1986551e+02
   9.5531711e+01   1.5519077e+02
   1.6408963e+02   1.1532261e+02
   1.1465069e+02   1.0593678e+02
   9.8992908e+01   1.3349164e+02
   1.3169084e+02   1.0997993e+02
   1.0542031e+02   9.0474128e+01
   6.5958485e+01   1.1426697e+02
   8.6927480e+01   1.4532054e+02
   1.3170055e+02   8.0309899e+01
   1.2273354e+02   9.6107521e+01
   1.0485422e+02   1.4652787e+02
   1.4597453e+02   8.6925856e+01
   8.0640502e+01   1.1497227e+02
   8.5570708e+01   1.5516834e+02
   1.2047778e+02   6.1645579e+01
   9.5147277e+01   1.4830798e+02
   7.2553206e+01   1.1804366e+02
   1.3472013e+02   1.0942874e+02
   1.0844417e+02   8.5088371e+01
   9.8355586e+01   1.4530063e+02
   1.1605587e+02   9.2992981e+01
   9.0710064e+01   1.1465405e+02
   8.7932289e+01   1.1996869e+02
   9.1088241e+01   1.0670345e+02
   9.1706435e+01   1.0767734e+02
   1.1932644e+02   1.0105603e+02
   1.0148649e+02   1.2695056e+02
   1.1284834e+02   8.8485445e+01
   8.9398491e+01   1.1193427e+02
   1.0381044e+02   1.4142171e+02
   1.4041598e+02   6.6494142e+01
   1.1456039e+02   8.6474480e+01
   1.1690298e+02   9.5672310e+01
   1.1418318e+02   6.9103451e+01
   1.3002236e+02   7.9524801e+01
   1.1932260e+02   9.7512311e+01
   5.4588068e+01   1.4700405e+02
   1.3989017e+02   1.0081216e+02
   8.0882594e+01   1.2315683e+02
   8.8301071e+01   1.2719483e+02
   1.2357049e+02   8.6734047e+01
   1.1815559e+02   9.6440385e+01
   8.4345136e+01   1.1035773e+02
   9.5704026e+01   1.3611972e+02
   7.0570894e+01   1.1805289e+02
   1.2712103e+02   1.0113496e+02
   8.2534311e+01   1.0582076e+02
   1.1985643e+02   8.5456296e+01
   1.2777112e+02   8.5691008e+01
   7.9965346e+01   1.3895695e+02
   1.3809340e+02   9.9078593e+01
   1.1700245e+02   8.8759507e+01
   8.4450772e+01   1.3344342e+02
   1.1563445e+02   7.6455192e+01
   1.3371640e+02   7.9911702e+01
   1.0484556e+02   1.4006834e+02
   1.4295038e+02   1.0152687e+02
   1.1065554e+02   6.2682021e+01
   9.6547838e+01   1.0815141e+02
   1.2593621e+02   1.0949886e+02
   1.3060218e+02   9.6625537e+01
   1.1013925e+02   9.5473984e+01
   1.3801816e+02   1.0099006e+02
   9.2703751e+01   1.2821314e+02
   1.1815570e+02   6.6665690e+01
   1.0397927e+02   6.6677468e+01
   1.3190866e+02   5.8878201e+01
   7.7459555e+01   1.2891774e+02
   1.0529282e+02   1.2939103e+02
   1.2162623e+02   6.3903919e+01
   1.1944207e+02   7.5723742e+01
   1.0352260e+02   1.2861336e+02
   1.1360915e+02   9.0590011e+01
   7.7160518e+01   1.0561101e+02
   8.1618896e+01   1.1003475e+02
   1.2444720e+02   9.2530583e+01
   1.2749373e+02   9.2728143e+01
   1.1700477e+02   1.0475903e+02
   9.4760810e+01   7.0384551e+01
   1.3698548e+02   1.1519238e+02
   1.2155592e+02   1.0027146e+02
   7.4022960e+01   1.3861832e+02
   7.8126739e+01   1.2611855e+02
   1.4061421e+02   9.6482737e+01
   1.0579689e+02   1.1892653e+02
   1.0560923e+02   1.3082378e+02
   7.5121224e+01   1.4999961e+02
   1.3058115e+02   1.0099661e+02
   9.8075265e+01   1.3434559e+02
   1.2008619e+02   1.0128158e+02
   9.9873326e+01   1.4876303e+02
   8.3442928e+01   1.2325400e+02
   1.0687225e+02   1.2419465e+02
   1.0893565e+02   7.9554021e+01
   8.0425072e+01   1.3844732e+02
   1.3773906e+02   9.8478753e+01
   1.0406760e+02   1.3675946e+02
   1.3665483e+02   1.0356199e+02
   1.2870850e+02   8.6599419e+01
   8.2103684e+01   1.3549657e+02
   1.0212169e+02   9.1011586e+01
   1.1392372e+02   1.5562799e+02
   1.1471165e+02   1.2549515e+02
   9.4341376e+01   1.2470172e+02
   1.1190091e+02   7.7452495e+01
   1.1768430e+02   1.0504174e+02
   1.1958377e+02   8.8795699e+01
   5.9679356e+01   1.3847641e+02
   9.5706670e+01   1.4149809e+02
   6.3727482e+01   1.1772828e+02
   1.0213027e+02   1.3274315e+02
   6.3890660e+01   1.2434473e+02
   1.0476537e+02   1.2981625e+02
   1.2712673e+02   8.5361440e+01
   9.3423940e+01   1.2936290e+02
   8.9333953e+01   1.0601464e+02
   1.4433279e+02   1.0000587e+02
   1.3565949e+02   9.2257545e+01
   7.3371325e+01   1.4152975e+02
   9.3759040e+01   1.0759407e+02
   7.6861819e+01   1.0431061e+02
   1.4354324e+02   4.7245912e+01
   1.3506171e+02   9.4499426e+01
   1.1376003e+02   8.8660899e+01
   1.0316591e+02   1.1836309e+02
   6.6406106e+01   9.7135352e+01
   1.0044088e+02   1.3063368e+02
   1.0245503e+02   1.2231654e+02
   1.3288826e+02   6.3127334e+01
   9.7971741e+01   8.7244426e+01
   1.0103925e+02   8.3266536e+01
   1.2377727e+02   6.6462866e+01
   1.2293777e+02   7.4591447e+01
   1.2083248e+02   7.4827236e+01
   9.4855446e+01   1.1877228e+02
   9.3956970e+01   1.0251568e+02
   8.3075279e+01   1.2845834e+02
   1.2582483e+02   1.0018168e+02
   5.9689207e+01   1.0311182e+02
   1.0558410e+02   7.8816906e+01
   9.8589337e+01   1.1368486e+02
   1.1105506e+02   7.0721216e+01
   1.1165511e+02   7.1266589e+01
   9.2151759e+01   1.1595104e+02
   1.0897563e+02   7.4178105e+01
   1.2211927e+02   7.7344544e+01
   1.2756647e+02   9.5465894e+01
   1.2279921e+02   9.2823743e+01
   9.6966520e+01   1.3137928e+02
   1.1516331e+02   1.5039463e+02
   8.7776415e+01   1.3004265e+02
   7.3574327e+01   1.0987448e+02
   1.2143230e+02   6.0955751e+01
   8.7548351e+01   1.1143493e+02
   1.5056276e+02   8.7998727e+01
   1.1953586e+02   1.2895482e+02
   1.1851400e+02   1.0351265e+02
   1.1829360e+02   9.6507174e+01
   1.1712649e+02   1.2768521e+02
   1.0567693e+02   8.2411708e+01
   1.1183368e+02   1.4104717e+02
   8.8221150e+01   1.2440428e+02
   9.9146711e+01   1.5961826e+02
   9.5200154e+01   1.2222770e+02
   1.4212709e+02   1.1770254e+02
   9.8026130e+01   1.2596268e+02
   1.3310244e+02   9.3939024e+01
   1.2332542e+02   9.6499820e+01
   1.0113086e+02   1.3680088e+02
   1.1448695e+02   9.7611320e+01
   1.0049686e+02   1.3281854e+02
   1.1482472e+02   5.7616664e+01
   8.1843227e+01   1.1854293e+02
   1.2084044e+02   9.6445334e+01
   7.4018399e+01   1.0952032e+02
   7.2097447e+01   1.0791274e+02
   1.5189064e+02   1.0445051e+02
   7.3035778e+01   1.0783765e+02
   1.0262890e+02   1.4312369e+02
   1.3936090e+02   9.9366436e+01
   1.0651966e+02   5.3980692e+01
   1.1050828e+02   1.2518440e+02
   1.4539046e+02   1.1054558e+02
   9.5334499e+01   1.4749068e+02
   1.2588996e+02   8.3905405e+01
   6.6703704e+01   1.5486035e+02
   1.0535786e+02   1.2374420e+02
   9.8844192e+01   7.2741592e+01
   1.4360143e+02   1.1841254e+02
   1.2847897e+02   1.0224596e+02
   1.2806342e+02   1.0388381e+02
   1.3395947e+02   8.0430379e+01
   8.8224613e+01   1.4245292e+02
   9.1264711e+01   1.0740799e+02
   1.0192378e+02   1.5137224e+02
   1.4327858e+02   7.3567503e+01
   9.7593103e+01   7.9425138e+01
   1.1044673e+02   9.0079336e+01
   9.6380453e+01   1.1499954e+02
   1.3711355e+02   8.3654458e+01
   7.9270329e+01   1.2664203e+02
   1.2561304e+02   1.0659056e+02
   6.8701324e+01   1.3251676e+02
   1.2478991e+02   7.9735139e+01
   1.0809531e+02   5.9853864e+01
   1.4206951e+02   1.1628774e+02
   1.0893581e+02   8.3307038e+01
   9.6250820e+01   1.1402244e+02
   1.2439344e+02   1.0007080e+02
   8.2758579e+01   1.0305107e+02
   1.0653775e+02   1.3134942e+02
   9.8405189e+01   1.4767548e+02
   1.1978190e+02   6.5476669e+01
   8.9621628e+01   1.1793540e+02
   6.8716786e+01   1.1765270e+02
   1.1963533e+02   1.1134973e+02
   6.2447011e+01   1.0765519e+02
   9.3665076e+01   1.2667057e+02
   1.1404980e+02   9.3635935e+01
   1.2810471e+02   9.4699512e+01
   1.3500544e+02   1.0950390e+02
   1.6485481e+02   8.9220003e+01
   1.1004931e+02   8.2077534e+01
   1.1670097e+02   9.8807263e+01
   1.3032488e+02   9.2691273e+01
   1.1842132e+02   1.0427665e+02
   9.8862409e+01   1.3836295e+02
   8.4278919e+01   1.3011738e+02
   8.2399761e+01   1.3839978e+02
   1.2804816e+02   9.7205334e+01
   1.0325657e+02   1.4169225e+02
   8.8159419e+01   1.1516433e+02
   1.1700678e+02   9.5945989e+01
   1.3616194e+02   1.0499532e+02
   1.1642711e+02   7.9838810e+01
   8.7534707e+01   1.3750703e+02
   7.8069958e+01   1.4719941e+02
   8.3616525e+01   1.0891750e+02
   8.6879028e+01   1.1499340e+02
   7.3685487e+01   1.0218867e+02
   7.9277446e+01   9.8167854e+01
   1.1928767e+02   9.9230275e+01
   9.2115476e+01   1.3127881e+02
   1.1913582e+02   1.0270535e+02
   8.1551816e+01   1.4154480e+02
   1.0896117e+02   1.3265620e+02
   1.3552687e+02   8.0022350e+01
   1.3339411e+02   9.1246869e+01
   1.2368157e+02   8.7110941e+01
   1.1741409e+02   9.1639010e+01
   1.4364401e+02   1.0603033e+02
   1.0772278e+02   1.3675296e+02
   9.9546190e+01   1.3616536e+02
   1.1297669e+02   1.0119296e+02
   7.3553283e+01   1.1909545e+02
   1.1790200e+02   7.4384361e+01
   6.9159419e+01   1.3421787e+02
   1.2299178e+02   5.9118982e+01
   1.2695527e+02   8.2489353e+01
   8.9773718e+01   1.2185328e+02
   1.3416932e+02   9.9323416e+01
   1.4423074e+02   7.7109313e+01
   9.6962452e+01   1.1920736e+02
   8.1328395e+01   1.0696925e+02
   8.9777045e+01   1.0529135e+02
   9.4257500e+01   1.1582642e+02
   1.1461487e+02   9.4287369e+01
   6.6342253e+01   1.1153947e+02
   1.0458148e+02   8.3786797e+01
   1.5030982e+02   5.5551729e+01
   9.9925715e+01   1.3928365e+02
   1.1273467e+02   8.9035723e+01
   8.8397171e+01   1.2212812e+02
   1.1705301e+02   1.4731748e+02
   1.3242117e+02   9.5776645e+01
   1.3424917e+02   5.8197268e+01
   4.7503541e+01   1.3749396e+02
   1.3974268e+02   1.1801174e+02
   1.3381347e+02   9.0232558e+01
   1.1646523e+02   8.4793195e+01
   1.2385175e+02   6.5900301e+01
   1.5091655e+02   8.9762337e+01
   8.5799347e+01   1.3553596e+02
   8.7399804e+01   1.2650679e+02
   9.5888884e+01   1.2150725e+02
   7.9991593e+01   1.1284540e+02
   1.0486894e+02   1.3407969e+02
   9.4766274e+01   1.3996546e+02
   9.8348741e+01   1.2423010e+02
   9.2587123e+01   1.1422709e+02
   6.6122821e+01   1.4419514e+02
   1.4506849e+02   1.1188499e+02
   1.3627889e+02   1.2677449e+02
   1.2184599e+02   1.3013027e+02
   1.1215367e+02   9.6411633e+01
   1.0852042e+02   1.2948254e+02
   1.1955764e+02   5.7532287e+01
   1.0328811e+02   1.2026683e+02
   1.0514248e+02   1.3622169e+02
   8.9313654e+01   1.1951605e+02
   6.0980616e+01   9.9215551e+01
   9.1513896e+01   1.1005975e+02
   4.4514841e+01   1.3072535e+02
   1.0532066e+02   8.5652431e+01
   1.2568219e+02   8.6635500e+01
   1.3691423e+02   1.1578392e+02
   9.2670299e+01   1.3219656e+02
   8.0486485e+01   1.2573314e+02
   1.3359921e+02   6.1096700e+01
   7.0434496e+01   8.9352318e+01
   1.1878936e+02   7.9354702e+01
   9.1530037e+01   1.1926763e+02
   1.1190991e+02   1.3042058e+02
   1.2632088e+02   8.3187534e+01
   1.2180170e+02   9.9016056e+01
   1.2791403e+02   1.0808577e+02
   9.0088638e+01   1.2004769e+02
   6.9056837e+01   1.0068558e+02
   9.7320126e+01   1.4866458e+02
   1.2386903e+02   9.1879536e+01
   7.4834799e+01   1.2317268e+02
   9.4985551e+01   1.0887924e+02
   1.4290177e+02   1.0269032e+02
   1.0872972e+02   8.4134549e+01
   1.4147243e+02   8.5344671e+01
   9.0233156e+01   1.4401504e+02
   1.5154637e+02   1.1537675e+02
   7.4297747e+01   1.1686431e+02
   1.5373420e+02   8.0209151e+01
   8.1545832e+01   1.3362870e+02
   9.1787285e+01   1.1861814e+02
   1.3843310e+02   8.5529216e+01
   1.1839986e+02   8.8235376e+01
   7.3527392e+01   1.4529799e+02
   1.4040498e+02   9.4761333e+01
   7.1493732e+01   1.3564060e+02
   9.9617080e+01   1.1888086e+02
   9.1460678e+01   1.0741456e+02
   1.1766206e+02   9.5922277e+01
   9.1801010e+01   1.3562134e+02
   1.1890114e+02   9.7558325e+01
   1.5131079e+02   1.0425999e+02
   1.2397835e+02   1.0524001e+02
   1.1072181e+02   1.4068929e+02
   1.2597326e+02   7.4237296e+01
   1.3763617e+02   1.0848598e+02
   7.7016766e+01   1.5138900e+02
   8.9889487e+01   1.1465109e+02
   1.3555739e+02   7.7443665e+01
   6.5625734e+01   1.1331032e+02
   1.4487229e+02   8.2336901e+01
   1.0096287e+02   1.2431901e+02
   9.1998009e+01   1.2417307e+02
   9.0177477e+01   1.1920187e+02
   1.1755793e+02   7.6863920e+01
   1.2622379e+02   1.0344616e+02
   7.3914905e+01   1.2407025e+02
   1.2317057e+02   1.1334868e+02
   1.1966506e+02   6.3540328e+01
   7.6285718e+01   1.1315269e+02
   9.1039126e+01   1.2540391e+02
   1.0285827e+02   1.4078158e+02
   1.5027837e+02   9.9345106e+01
   1.0283953e+02   1.2905518e+02
   1.3366875e+02   9.6540339e+01
   7.4659054e+01   1.2069550e+02
   1.0776943e+02   8.1612486e+01
   1.4224715e+02   1.0070555e+02
   1.2641992e+02   9.6219651e+01
   6.7751936e+01   1.3852214e+02
   9.1418532e+01   1.4549876e+02
   7.1698208e+01   1.2628909e+02
   8.3203774e+01   1.0840213e+02
   8.9503366e+01   1.5768246e+02
   1.1843674e+02   9.1811639e+01
   1.4546570e+02   9.4005660e+01
   1.1353555e+02   8.4527464e+01
   1.3014151e+02   9.9175378e+01
   1.1369781e+02   9.0232128e+01
   9.1012168e+01   1.3140911e+02
   6.4736095e+01   1.1268634e+02
   1.0505977e+02   1.4268570e+02
   1.2593191e+02   7.8021732e+01
   7.6514844e+01   1.0582617e+02
   8.5221470e+01   1.5427488e+02
   1.3017183e+02   9.6112765e+01
   8.2502205e+01   9.8202807e+01
   1.2239008e+02   1.0660960e+02
   1.1603887e+02   9.9419515e+01
   1.2216556e+02   7.0818333e+01
   1.4808736e+02   9.0944988e+01
   1.1050292e+02   9.1385302e+01
   1.0591957e+02   1.2027637e+02
   6.9306141e+01   1.0057069e+02
   1.0146086e+02   1.1283878e+02
   1.2146041e+02   9.0528415e+01
   1.4610861e+02   1.0040944e+02
   1.3641754e+02   1.1879933e+02
   1.1658750e+02   9.7752431e+01
   1.0313074e+02   7.7313089e+01
   5.6792103e+01   1.0216695e+02
   6.2239012e+01   1.2509389e+02
   1.3745411e+02   9.8901161e+01
   8.3055512e+01   1.1506103e+02
   8.2302464e+01   1.0492068e+02
   1.2462766e+02   1.0463932e+02
   1.1903456e+02   8.7336524e+01
   1.0029840e+02   1.3205725e+02
   1.1707094e+02   1.3293139e+02
   9.9128239e+01   1.2046109e+02
   1.1685616e+02   9.3550540e+01
   1.2552958e+02   9.2811694e+01
   1.3064675e+02   8.8533387e+01
   1.0222061e+02   7.0628894e+01
   1.2059016e+02   8.6860330e+01
   1.0582637e+02   1.2312435e+02
   9.3360511e+01   1.3338935e+02
   9.1885173e+01   1.2821640e+02
   1.1746226e+02   6.9278716e+01
   1.4162842e+02   7.2838544e+01
   1.3274239e+02   1.0259086e+02
   9.8140695e+01   1.4573658e+02
   1.4167425e+02   1.0068816e+02
   1.4038890e+02   7.9991300e+01
   1.2263160e+02   1.0353613e+02
   1.1777715e+02   9.3447628e+01
   1.4004128e+02   7.5373591e+01
   9.4884923e+01   1.2868492e+02
   1.4623460e+02   7.6507534e+01
   1.0257163e+02   1.4303100e+02
   8.4526121e+01   1.3499134e+02
   1.2110404e+02   8.8340834e+01
   8.9103127e+01   1.1702172e+02
   1.2367236e+02   1.0240348e+02
   1.2416183e+02   9.9557599e+01
   1.6079840e+02   1.1008659e+02
   9.0691900e+01   1.2535421e+02
   1.3195276e+02   1.2050736e+02
   8.0108096e+01   1.2948381e+02
   9.3547481e+01   1.3317693e+02
   1.2491033e+02   9.7541633e+01
   1.4549047e+02   1.0704493e+02
   1.0053083e+02   1.1457077e+02
   9.4135339e+01   1.2733334e+02
   1.0316163e+02   7.0053196e+01
   1.3704925e+02   1.0778898e+02
   1.0020864e+02   7.3531154e+01
   1.0333476e+02   1.3232485e+02
   9.5973772e+01   1.2425927e+02
   1.0401097e+02   1.3025571e+02
   1.1274313e+02   1.4762706e+02
   1.4942127e+02   9.6669046e+01
   1.4584875e+02   7.8846670e+01
   1.2633198e+02   9.9742668e+01
   1.2272209e+02   9.8109983e+01
   1.2529362e+02   9.6991374e+01
   1.2214615e+02   9.4798647e+01
   1.1835974e+02   1.0192423e+02
   7.7799071e+01   1.0809149e+02
   8.5480302e+01   1.2854017e+02
   9.1291735e+01   1.2196524e+02
   1.3836852e+02   7.5790408e+01
   6.3483162e+01   1.2119153e+02
   1.0220683e+02   1.1737324e+02
   1.3915641e+02   9.8370479e+01
   8.7027486e+01   1.1135478e+02
   1.3835975e+02   9.1381303e+01
   1.1918366e+02   7.2855722e+01
   7.6766674e+01   9.9378796e+01
   1.2270533e+02   7.9860389e+01
   1.4205985e+02   9.9785226e+01
   1.0680922e+02   9.1521195e+01
   9.9013264e+01   1.1945075e+02
   1.1820610e+02   1.0130582e+02
   1.1149293e+02   8.0996186e+01
   7.6474110e+01   1.2571232e+02
   1.0516974e+02   1.3132204e+02
   1.4273198e+02   9.6964162e+01
   1.3093075e+02   1.1051177e+02
   1.1965468e+02   7.7018077e+01
   1.2219974e+02   8.1205922e+01
   1.3496322e+02   7.3556045e+01
   1.3824095e+02   1.0340323e+02
   1.0459053e+02   8.8761500e+01
   1.4120230e+02   9.6636208e+01
   1.0782624e+02   8.8666381e+01
   9.2549413e+01   1.1334891e+02
   1.0870600e+02   8.7606620e+01
   8.6387087e+01   1.2037887e+02
   8.0665834e+01   1.3649136e+02
   9.7417552e+01   6.7121940e+01
   1.1737319e+02   7.2811549e+01
   8.8239047e+01   9.8152622e+01
   8.7456004e+01   1.2907214e+02
   8.9612000e+01   1.1203394e+02
   7.8761722e+01   1.3850037e+02
   1.0650017e+02   6.7205682e+01
   9.8572450e+01   1.1707700e+02
   1.2573566e+02   7.4224221e+01
   1.0708468e+02   7.7185531e+01
   1.0690285e+02   1.2958172e+02
   1.3661309e+02   8.1702137e+01
   1.0299769e+02   1.1873645e+02
   9.5677399e+01   1.2403216e+02
   1.3598382e+02   9.0914768e+01
   1.2154804e+02   9.3414122e+01
   9.8393101e+01   1.2445294e+02
   9.8621845e+01   1.1594030e+02
   7.7331555e+01   9.8947874e+01
   9.2551005e+01   1.3379816e+02
   7.6619847e+01   1.2694143e+02
   1.1625375e+02   1.0495707e+02
   7.7061449e+01   1.2235468e+02
   1.0407230e+02   1.2638531e+02
   9.8046577e+01   1.2333019e+02
   1.4501708e+02   9.6316096e+01
   1.0997614e+02   1.3676521e+02
   6.9917964e+01   1.2766282e+02
   1.4410577e+02   9.9619253e+01
   1.0910206e+02   6.2394152e+01
   9.6291726e+01   1.3085964e+02
   1.1298871e+02   8.1195387e+01
   5.1393835e+01   1.1136869e+02
   8.2000326e+01   1.2455794e+02
   1.0988993e+02   1.1969807e+02
   8.4858912e+01   1.0805491e+02
   1.3457523e+02   1.0492577e+02
   1.2129455e+02   8.4832259e+01
   1.1750343e+02   8.7476823e+01
   8.7975274e+01   1.0672799e+02
   8.2215571e+01   1.4949367e+02
   1.0860210e+02   8.6243878e+01
   1.1875482e+02   9.6672370e+01
   8.9173699e+01   1.3770967e+02
   7.1822120e+01   1.3515234e+02
   1.0016966e+02   1.2750905e+02
   1.0379911e+02   1.3249048e+02
   9.6373993e+01   1.1430668e+02
   1.3783614e+02   1.0378573e+02
   8.8547841e+01   1.1587522e+02
   8.0724622e+01   1.2359372e+02
   1.3379275e+02   9.7219999e+01
   8.2883199e+01   1.3936579e+02
   7.2315891e+01   1.3145820e+02
   1.1296555e+02   6.8480051e+01
   7.5414016e+01   1.1365216e+02
   1.2213406e+02   8.9301591e+01
   7.9419407e+01   1.2784658e+02
   1.3504627e+02   9.4237474e+01
   1.0358709e+02   8.6571777e+01
   1.3367262e+02   8.4448848e+01
   8.3915551e+01   1.2083428e+02
   1.0269154e+02   1.3129947e+02
   7.7823009e+01   1.3428469e+02
   1.2213914e+02   6.5424579e+01
   1.2768250e+02   9.2947742e+01
   7.6220821e+01   1.2539880e+02
   1.0080768e+02   1.3167581e+02
   1.0603673e+02   9.1953055e+01
   1.0345137e+02   1.2815739e+02
   1.0979908e+02   9.1694961e+01
   8.2914139e+01   1.1501351e+02
   6.5951790e+01   1.1064599e+02
   1.0072690e+02   8.0830000e+01
   1.6477802e+02   1.0372203e+02
   8.0319601e+01   1.3707512e+02
   1.2451404e+02   7.7573022e+01
   9.5145173e+01   1.2845598e+02
   1.0611046e+02   7.9514222e+01
   8.1136508e+01   1.1002777e+02
   1.0200017e+02   1.2784454e+02
   9.9094995e+01   1.3584497e+02
   1.3361041e+02   7.3082118e+01
   1.1779724e+02   9.7575103e+01
   9.7251325e+01   6.9283615e+01
   9.8526662e+01   1.2079820e+02
   7.3294758e+01   1.2017170e+02
   8.1092638e+01   1.3002310e+02
   5.9579082e+01   1.3187263e+02
   1.0014495e+02   1.3564701e+02
   6.7096320e+01   1.4613774e+02
   7.8298811e+01   1.4431291e+02
   6.7563678e+01   1.3424715e+02
   9.0061697e+01   1.1868735e+02
   9.1929129e+01   1.2817553e+02
   9.9823772e+01   1.1802001e+02
   8.6909395e+01   1.4045308e+02
   9.6978349e+01   1.5708199e+02
   9.3577900e+01   6.8906205e+01
   1.1610700e+02   7.8734061e+01
   1.4949722e+02   7.1199297e+01
   1.5064129e+02   9.0949899e+01
   1.2770301e+02   9.7052183e+01
   1.3237675e+02   5.3431906e+01
   1.2503229e+02   1.0055230e+02
   1.3640572e+02   8.5832434e+01
   6.6681344e+01   1.2164177e+02
   1.4390977e+02   8.1341151e+01
   8.7530524e+01   1.2470146e+02
   1.0414596e+02   7.4496963e+01
   7.8438806e+01   1.1266082e+02
   1.0575989e+02   1.1433206e+02
   1.3198830e+02   8.4025697e+01
   9.9159290e+01   8.6478206e+01
   1.1250789e+02   7.7210118e+01
   9.4096239e+01   1.3051090e+02
   7.8419424e+01   1.1823019e+02
   1.1616768e+02   1.0282361e+02
   1.0819024e+02   1.2390786e+02
   1.1549725e+02   1.0450285e+02
   8.0808709e+01   1.2053898e+02
   1.1113224e+02   6.9840486e+01
   1.0982060e+02   9.3313533e+01
   1.0328425e+02   6.8861087e+01
   8.7030625e+01   1.0982657e+02
   1.2255307e+02   6.8288005e+01
   1.2003129e+02   6.7248115e+01
   7.9103617e+01   1.4554487e+02
   1.0902362e+02   1.2955427e+02
   1.1939168e+02   1.0518989e+02
   5.8317370e+01   1.4143360e+02
   1.0564682e+02   1.2665811e+02
   1.3085546e+02   8.0996631e+01
   9.2561302e+01   1.2683753e+02
   1.2786609e+02   9.2828967e+01
   1.1064248e+02   8.5912834e+01
   9.0157894e+01   1.1574367e+02
   1.1805675e+02   7.7398947e+01
   5.0483982e+01   1.1149082e+02
   1.2988012e+02   1.0046104e+02
   1.0589341e+02   8.4534369e+01
   1.1069665e+02   9.8604914e+01
   7.0008304e+01   1.0400446e+02
   9.4753879e+01   1.0991482e+02
   1.4756778e+02   9.9351755e+01
   8.8367276e+01   1.0835013e+02
   1.3902889e+02   5.7361318e+01
   1.1897944e+02   1.0225576e+02
   1.1117830e+02   8.6933939e+01
   1.1077127e+02   8.9077484e+01
   7.5117061e+01   1.4482504e+02
   8.0367148e+01   1.0013445e+02
   1.1359822e+02   6.4642029e+01
   1.3377495e+02   9.3815915e+01
   1.1133766e+02   1.2521602e+02
   9.0265245e+01   1.2271454e+02
   8.1797277e+01   1.1910949e+02
   1.3666835e+02   9.4399200e+01
   8.9577738e+01   1.1119779e+02
   1.2829812e+02   1.4173589e+02
   1.2594359e+02   6.9012973e+01
   1.1385961e+02   8.8504409e+01
   7.3557468e+01   1.1507577e+02
   7.4996190e+01   1.1978754e+02
   1.3274526e+02   1.0055453e+02
   7.8082298e+01   1.1470513e+02
   1.4577640e+02   8.5472669e+01
   1.1562923e+02   9.7111977e+01
   8.6826610e+01   1.2923189e+02
   1.0982132e+02   9.7921386e+01
   1.1843789e+02   7.2945254e+01
   1.3823635e+02   8.2789068e+01
   1.1795133e+02   8.6896305e+01
   1.0595803e+02   8.4619172e+01
   1.1440570e+02   8.9404364e+01
   1.3117775e+02   9.3976537e+01
   8.1351097e+01   1.0975767e+02
