   8.4353392e+01   1.3044927e+02
   1.0052496e+02   7.9702516e+01
   8.9512684e+01   1.2480495e+02
   6.4878770e+01   1.0269215e+02
   1.1337211e+02   9.4912111e+01
   1.0008689e+02   1.0829800e+02
   8.3467432e+01   1.0892055e+02
   1.0898455e+02   1.2463957e+02
   1.1186046e+02   9.8807766e+01
   9.7648198e+01   1.3528033e+02
   7.4097905e+01   9.5096281e+01
   1.1518372e+02   1.1199298e+02
   1.1068593e+02   1.1540175e+02
   8.6276196e+01   7.8977226e+01
   1.1942760e+02   1.0007632e+02
   1.2607978e+02   9.8621591e+01
   9.7571339e+01   1.1355352e+02
   8.0112886e+01   1.0762310e+02
   1.1281423e+02   1.1755344e+02
   1.1375135e+02   8.9012998e+01
   8.5926823e+01   1.0905852e+02
   1.0138607e+02   1.1641740e+02
   9.8390295e+01   1.1324431e+02
   1.0168022e+02   8.9549906e+01
   1.2834797e+02   9.4899285e+01
   7.7362814e+01   1.1861921e+02
   1.0050049e+02   1.3017583e+02
   1.0112623e+02   8.0213004e+01
   8.6645626e+01   9.8317553e+01
   9.1175391e+01   1.4069861e+02
   1.5104899e+02   1.1187744e+02
   1.2308483e+02   1.3597624e+02
   1.2181119e+02   6.7454714e+01
   9.8879417e+01   1.2380217e+02
   1.0036055e+02   1.0860001e+02
   1.2012626e+02   9.2942266e+01
   9.4880045e+01   1.2576413e+02
   1.2347590e+02   8.5501803e+01
   1.0744857e+02   1.1164379e+02
   1.0731888e+02   1.1716338e+02
   1.1872135e+02   9.3316340e+01
   1.1905583e+02   7.2855732e+01
   1.2045971e+02   6.6288684e+01
   9.1526625e+01   1.2928562e+02
   9.9023289e+01   1.0491084e+02
   9.6307406e+01   1.2217724e+02
   1.1083852e+02   1.1744620e+02
   1.1246056e+02   1.1013691e+02
   1.0246627e+02   1.2961623e+02
   1.0016228e+02   1.1557764e+02
   1.0436903e+02   1.1798962e+02
   1.0093110e+02   1.0073895e+02
   7.6394343e+01   9.8171639e+01
   1.1388486e+02   9.6436631e+01
   7.6756854e+01   9.1756757e+01
   1.0312544e+02   1.0762411e+02
   1.5319478e+02   9.7506908e+01
   1.2318854e+02   1.1260230e+02
   1.0287704e+02   6.8148892e+01
   1.1616907e+02   9.3025181e+01
   9.4694908e+01   1.0763247e+02
   1.1348171e+02   1.3580003e+02
   9.8222549e+01   1.1415993e+02
   7.1781133e+01   1.0236545e+02
   1.0565520e+02   1.3730901e+02
   1.2422698e+02   7.4461913e+01
   1.0144932e+02   7.8599411e+01
   8.5037217e+01   9.2506212e+01
   1.1411344e+02   9.4614605e+01
   1.0959364e+02   1.1710882e+02
   8.8813171e+01   1.2499341e+02
   1.1690862e+02   1.1129210e+02
   1.2321333e+02   1.2776004e+02
   1.3747624e+02   8.5120696e+01
   1.2798666e+02   1.2059111e+02
   1.0803065e+02   8.6311279e+01
   1.1440801e+02   8.2920289e+01
   1.1392468e+02   7.5475897e+01
   1.2921759e+02   9.5002973e+01
   1.2978493e+02   1.1407505e+02
   9.4551930e+01   1.0898761e+02
   1.1724149e+02   1.0003306e+02
   8.9719874e+01   7.6637820e+01
   9.4397773e+01   1.1252693e+02
   1.0842302e+02   9.4096294e+01
   1.1590212e+02   1.0944687e+02
   1.2244559e+02   1.0835159e+02
   9.1632231e+01   1.1829976e+02
   9.8158623e+01   1.0512761e+02
   1.3331397e+02   1.0146541e+02
   1.2353130e+02   1.0337621e+02
   9.6381906e+01   8.0590142e+01
   1.2857773e+02   1.1560625e+02
   9.5926241e+01   1.0041607e+02
   1.0296996e+02   9.7154611e+01
   1.5187257e+02   9.7671675e+01
   9.1382431e+01   1.0063795e+02
   1.0936909e+02   1.1302373e+02
   9.4913625e+01   1.3313277e+02
   8.4735136e+01   1.1450823e+02
   9.0179775e+01   9.8230349e+01
   1.0756835e+02   8.6826791e+01
   9.4901428e+01   1.5470866e+02
   1.1421006e+02   8.1696062e+01
   9.5179379e+01   1.1369108e+02
   1.2198875e+02   8.7409385e+01
   8.4262488e+01   1.0907886e+02
   9.6417896e+01   8.3672312e+01
   9.7268650e+01   9.0913264e+01
   1.2629976e+02   9.4144146e+01
   9.0872096e+01   1.1072231e+02
   9.0141734e+01   8.1251870e+01
   1.0864600e+02   8.8580979e+01
   8.8528636e+01   8.6489359e+01
   1.3159082e+02   1.0581017e+02
   1.2103703e+02   9.3360488e+01
   8.6988536e+01   1.0114547e+02
   1.0587822e+02   7.6779208e+01
   1.3536017e+02   9.6667324e+01
   1.0885361e+02   8.2725995e+01
   1.0268386e+02   8.7436206e+01
   1.0927862e+02   9.3769953e+01
   1.1031472e+02   9.2056996e+01
   1.1974189e+02   1.1029176e+02
   1.0994757e+02   1.3457967e+02
   8.1574097e+01   1.2645695e+02
   1.1378745e+02   1.2514796e+02
   1.0491596e+02   7.3287210e+01
   1.1741055e+02   8.6092069e+01
   8.1755467e+01   1.2607401e+02
   1.0515628e+02   1.1558534e+02
   9.9998731e+01   1.1675156e+02
   9.3945912e+01   1.2484480e+02
   1.1475373e+02   1.1835708e+02
   1.1856287e+02   9.8455906e+01
   1.3007052e+02   7.7881706e+01
   1.1698845e+02   8.4899904e+01
   1.2628398e+02   1.0603480e+02
   1.1645024e+02   1.2489040e+02
   1.2735839e+02   1.0771830e+02
   1.3737283e+02   8.5934361e+01
   1.2671781e+02   8.8909330e+01
   1.0077818e+02   1.1293692e+02
   1.0647138e+02   8.9303321e+01
   8.8917846e+01   1.2620822e+02
   8.1882632e+01   1.0758400e+02
   1.1938380e+02   8.0575428e+01
   1.0779978e+02   1.4043875e+02
   8.6948462e+01   1.1783146e+02
   1.0524648e+02   1.3312704e+02
   1.2516384e+02   8.1879536e+01
   9.8382369e+01   8.2464577e+01
   1.1542140e+02   8.6589836e+01
   1.0050024e+02   1.1056046e+02
   1.1676341e+02   9.3609629e+01
   1.0665458e+02   1.3639181e+02
   1.1706010e+02   8.7180080e+01
   8.9407916e+01   1.1769896e+02
   7.7689642e+01   1.0707536e+02
   9.6395709e+01   1.2549791e+02
   1.2322557e+02   8.3888735e+01
   7.7006068e+01   1.0827666e+02
   1.4633504e+02   1.0659217e+02
   1.0499021e+02   8.9436374e+01
   1.0321991e+02   9.7627543e+01
   1.0288673e+02   9.5601689e+01
   1.1460371e+02   1.0015958e+02
   9.4552822e+01   1.2194577e+02
   4.8572853e+01   1.1917916e+02
   1.1062632e+02   7.7628713e+01
   1.1440303e+02   1.2913633e+02
   1.0679352e+02   1.1093700e+02
   1.2998914e+02   8.8296198e+01
   1.2809365e+02   6.9300345e+01
   1.0578473e+02   1.2970215e+02
   1.1476644e+02   1.2944272e+02
   1.1374921e+02   1.4393017e+02
   1.0655959e+02   1.3240486e+02
   1.0811412e+02   1.2607677e+02
   1.1362820e+02   9.3596291e+01
   1.2135579e+02   1.0328470e+02
   1.0931582e+02   1.0598703e+02
   9.6078198e+01   1.2734012e+02
   1.2757470e+02   9.9990187e+01
   9.8090303e+01   1.0891628e+02
   1.2243723e+02   6.8920815e+01
   7.8118105e+01   1.0121314e+02
   1.1896266e+02   1.2089068e+02
   7.6594837e+01   9.5103523e+01
   7.6705561e+01   1.1738730e+02
   9.2284261e+01   1.2402859e+02
   7.3979176e+01   1.1705197e+02
   1.1607952e+02   1.2943251e+02
   1.2262238e+02   1.0577565e+02
   8.0321708e+01   1.0720147e+02
   1.1739008e+02   1.0627082e+02
   1.0311534e+02   9.8903068e+01
   1.2229817e+02   1.1811854e+02
   1.1002250e+02   8.8532784e+01
   1.1928481e+02   9.7876362e+01
   9.0066569e+01   8.0815237e+01
   1.3472136e+02   1.0188505e+02
   1.0757614e+02   9.3551622e+01
   8.5360275e+01   1.1856245e+02
   1.3697380e+02   6.4066313e+01
   1.2068375e+02   8.6501977e+01
   9.2267314e+01   1.2725967e+02
   1.2114251e+02   8.9094595e+01
   8.0895856e+01   1.1797980e+02
   9.2045259e+01   1.4174032e+02
   1.3512354e+02   9.2369901e+01
   8.5747962e+01   9.8285261e+01
   1.0503448e+02   1.0261552e+02
   9.4508381e+01   8.1099698e+01
   1.1449492e+02   9.8629889e+01
   9.3756227e+01   1.1182377e+02
   1.1615467e+02   1.0198360e+02
   8.5659092e+01   1.2132019e+02
   1.4016007e+02   1.0254463e+02
   9.2545145e+01   5.1077555e+01
   1.2075838e+02   1.4590167e+02
   1.1506313e+02   8.3141180e+01
   9.2794499e+01   6.9658928e+01
   9.9745506e+01   1.0865438e+02
   8.7507586e+01   1.1428332e+02
   7.1764514e+01   1.2303285e+02
   1.1419815e+02   7.9587877e+01
   1.0952663e+02   1.1187117e+02
   1.0902093e+02   1.1234217e+02
   1.1766625e+02   9.3518725e+01
   8.4989689e+01   1.1784137e+02
   9.5282995e+01   1.1529965e+02
   1.1609214e+02   7.6423056e+01
   7.6290746e+01   1.1613296e+02
   9.1009786e+01   8.0546555e+01
   8.5657735e+01   1.2549512e+02
   1.0766342e+02   1.2756578e+02
   9.3599362e+01   1.2204834e+02
   1.3038104e+02   1.0878796e+02
   1.1231914e+02   1.2545992e+02
   1.2026112e+02   1.0804691e+02
   9.7238125e+01   1.1175977e+02
   1.2192138e+02   1.0266497e+02
   1.2308216e+02   1.0489819e+02
   1.0330212e+02   1.0029471e+02
   1.1501532e+02   1.0875685e+02
   7.8564874e+01   1.0476421e+02
   1.3312863e+02   1.1520530e+02
   1.0561858e+02   9.4298146e+01
   1.2579650e+02   1.0472873e+02
   1.0913777e+02   1.0038728e+02
   1.0280892e+02   1.2861329e+02
   1.1736956e+02   1.0098639e+02
   1.0160265e+02   1.0776311e+02
   9.1020150e+01   9.9354712e+01
   1.0255531e+02   9.4566512e+01
   8.0998811e+01   1.0699724e+02
   9.5627494e+01   1.2679166e+02
   9.0065876e+01   1.2672638e+02
   9.1805924e+01   7.3271029e+01
   1.0152452e+02   1.1890964e+02
   1.1060513e+02   9.9084506e+01
   1.0844311e+02   7.1620854e+01
   8.9740387e+01   1.1703357e+02
   9.8954588e+01   1.3291387e+02
   1.0092401e+02   1.1668360e+02
   8.9292538e+01   1.3211698e+02
   1.1568494e+02   1.2941646e+02
   1.0578061e+02   9.3240811e+01
   7.9194291e+01   1.2931430e+02
   1.1458793e+02   1.0678994e+02
   9.4064121e+01   1.1991434e+02
   1.0185224e+02   9.5250779e+01
   1.1146764e+02   8.3534590e+01
   1.0967873e+02   9.8922726e+01
   1.2843876e+02   1.0155756e+02
   1.0221437e+02   1.1957943e+02
   1.0034101e+02   1.2922037e+02
   1.0325207e+02   1.1463878e+02
   9.0847424e+01   1.3547082e+02
   1.0776886e+02   7.9967877e+01
   9.9392176e+01   1.0325826e+02
   1.0326030e+02   9.2950500e+01
   8.5197649e+01   1.2974470e+02
   1.0211153e+02   8.5140774e+01
   1.1538626e+02   9.7008756e+01
   9.9207445e+01   1.0423918e+02
   1.1707674e+02   9.1377987e+01
   9.1485621e+01   1.3193255e+02
   1.2451156e+02   8.8582190e+01
   1.1474290e+02   1.2263698e+02
   8.1346732e+01   1.1220106e+02
   1.1215297e+02   1.2138689e+02
   1.1895718e+02   1.1412875e+02
   1.1186802e+02   1.0051300e+02
   9.4271073e+01   1.1863827e+02
   9.2470214e+01   1.0760520e+02
   9.9771889e+01   1.4704194e+02
   1.1807345e+02   9.9863919e+01
   1.0296453e+02   1.1468402e+02
   7.4505338e+01   9.8970841e+01
   9.0649152e+01   9.6152688e+01
   1.2514116e+02   9.5119195e+01
   7.5611723e+01   9.9641975e+01
   1.0738837e+02   9.2318400e+01
   1.2990794e+02   8.4255473e+01
   1.2899767e+02   8.8183202e+01
   8.8033101e+01   1.2266076e+02
   1.1580269e+02   9.8737072e+01
   1.1113942e+02   9.8382602e+01
   9.2056747e+01   1.0156289e+02
   9.8840870e+01   1.0404561e+02
   7.1748193e+01   9.1104850e+01
   9.8248519e+01   9.0693812e+01
   1.0825841e+02   7.1761616e+01
   1.0254388e+02   1.1974053e+02
   1.1623100e+02   1.3539612e+02
   1.1009205e+02   9.4805597e+01
   1.1994164e+02   1.1564065e+02
   1.0540378e+02   1.2813912e+02
   1.0306916e+02   8.2811325e+01
   8.6779872e+01   1.3033666e+02
   9.7789948e+01   9.1165117e+01
   9.2488075e+01   6.9924458e+01
   1.3434163e+02   1.0942368e+02
   1.1578951e+02   1.0068320e+02
   1.2547190e+02   1.0238661e+02
   1.2903786e+02   9.9268280e+01
   1.2264621e+02   1.0252175e+02
   1.0044364e+02   1.1660233e+02
   1.1801132e+02   8.8247733e+01
   8.8060024e+01   6.7706316e+01
   1.0084778e+02   8.5409861e+01
   1.3953395e+02   1.0367474e+02
   1.1663077e+02   9.8453765e+01
   1.4573094e+02   1.1232699e+02
   1.3144583e+02   1.0256557e+02
   1.1067062e+02   1.2178439e+02
   8.4282002e+01   1.1538267e+02
   1.3192020e+02   9.3484827e+01
   1.4744148e+02   1.0107598e+02
   1.4062875e+02   9.7473352e+01
   1.2930978e+02   1.0477684e+02
   1.0869386e+02   1.1993537e+02
   8.9221676e+01   1.0362600e+02
   1.2486002e+02   8.9846238e+01
   1.0135278e+02   1.2418183e+02
   1.0024021e+02   1.1715250e+02
   1.0817496e+02   1.1557227e+02
   9.4762841e+01   1.0649607e+02
   1.1038296e+02   1.1852069e+02
   9.8062521e+01   1.1934418e+02
   1.1044958e+02   1.2828426e+02
   9.0364864e+01   1.0861589e+02
   8.4439383e+01   1.1021961e+02
   8.5117932e+01   1.3210782e+02
   7.4382596e+01   1.0702388e+02
   9.0364587e+01   1.0499756e+02
   1.2558454e+02   7.4400254e+01
   9.7688868e+01   1.0176112e+02
   1.1111558e+02   1.3120172e+02
   1.0471618e+02   8.5668403e+01
   1.2726505e+02   1.0528448e+02
   7.6684753e+01   1.1980683e+02
   1.2412237e+02   1.0258574e+02
   1.0331302e+02   9.1120844e+01
   1.0774894e+02   8.9565742e+01
   1.0504323e+02   1.1532522e+02
   1.1167013e+02   9.7799736e+01
   1.0791345e+02   1.2838941e+02
   8.8499260e+01   1.2330944e+02
   7.6062207e+01   1.1733939e+02
   1.1941278e+02   1.1682572e+02
   1.1531422e+02   1.0228828e+02
   8.9913137e+01   1.0976037e+02
   6.4116434e+01   7.9349421e+01
   7.5543297e+01   1.0606366e+02
   1.3778927e+02   7.0823474e+01
   1.3663896e+02   7.8375425e+01
   7.6745447e+01   1.0420646e+02
   1.0468115e+02   1.2860026e+02
   8.9358139e+01   9.9582311e+01
   1.2347493e+02   8.8383612e+01
   9.3606803e+01   9.1770457e+01
   1.2884691e+02   1.2359529e+02
   1.2759741e+02   1.1289718e+02
   1.3098992e+02   8.8564249e+01
   9.8595817e+01   8.2290426e+01
   1.0137362e+02   6.9047126e+01
   1.1040645e+02   6.1762434e+01
   9.1915602e+01   1.0488841e+02
   1.0073482e+02   9.2644680e+01
   1.6468674e+02   8.4404148e+01
   1.1904413e+02   7.8070587e+01
   9.8175964e+01   8.7344654e+01
   1.2872409e+02   1.1431204e+02
   9.8809968e+01   9.4681455e+01
   1.3093227e+02   9.9493737e+01
   1.0645560e+02   1.1607563e+02
   1.0279478e+02   1.3472187e+02
   1.1726984e+02   9.1887918e+01
   1.1464926e+02   9.1521247e+01
   1.2993645e+02   1.1800950e+02
   9.2829867e+01   1.0871277e+02
   9.0544619e+01   1.2370577e+02
   9.1657788e+01   1.1706269e+02
   9.3519690e+01   1.1309961e+02
   1.0830292e+02   1.1301314e+02
   9.4816416e+01   1.1733574e+02
   1.1411009e+02   1.2134246e+02
   1.0794435e+02   1.2430593e+02
   1.1665046e+02   1.0582442e+02
   1.0134945e+02   1.4899318e+02
   9.5968294e+01   9.9420283e+01
   1.2686078e+02   8.8192425e+01
   7.5227046e+01   1.1825738e+02
   1.3682626e+02   1.0342305e+02
   1.3180279e+02   1.0542279e+02
   1.3031484e+02   1.0364052e+02
   1.0427388e+02   1.0388415e+02
   1.6112616e+02   8.8902532e+01
   1.2110112e+02   1.0095768e+02
   1.0742579e+02   1.2513099e+02
   9.9235630e+01   1.1426734e+02
   1.0968551e+02   9.3764642e+01
   9.1892004e+01   1.1703399e+02
   1.0491063e+02   9.9920557e+01
   1.1901899e+02   9.8544832e+01
   1.0749777e+02   1.4154296e+02
   8.8535549e+01   1.2014289e+02
   9.3370947e+01   1.0973575e+02
   1.2112071e+02   8.7017603e+01
   1.0967029e+02   8.1787531e+01
   1.0169000e+02   1.2109551e+02
   9.8532714e+01   1.4439742e+02
   1.0702150e+02   9.4204358e+01
   7.9953477e+01   1.2213309e+02
   1.1142034e+02   1.4005226e+02
   8.9734538e+01   1.2067868e+02
   9.1369603e+01   1.0404789e+02
   1.0723339e+02   1.1932632e+02
   1.1535909e+02   9.9072490e+01
   1.0390877e+02   8.5730690e+01
   1.2505661e+02   8.5461300e+01
   1.0147056e+02   1.2985713e+02
   9.9210147e+01   1.2261820e+02
   1.2876758e+02   1.0808676e+02
   1.4033253e+02   1.2491309e+02
   8.4137251e+01   1.1578586e+02
   1.1816764e+02   1.2582099e+02
   1.3841145e+02   1.0666219e+02
   1.3561354e+02   1.0098967e+02
   1.1640067e+02   5.6653836e+01
   1.2428247e+02   9.0227892e+01
   1.2012058e+02   9.4160036e+01
   1.0436462e+02   1.0636399e+02
   1.0272172e+02   9.4105313e+01
   1.1430371e+02   1.0362424e+02
   1.1397266e+02   9.1359975e+01
   9.8410804e+01   6.5918917e+01
   9.8843972e+01   1.1997523e+02
   1.3698964e+02   1.3781944e+02
   1.0198264e+02   1.2672433e+02
   1.2467844e+02   1.2668006e+02
   1.2440154e+02   9.1463168e+01
   6.9900386e+01   1.0962689e+02
   9.3175892e+01   1.1251640e+02
   1.0415408e+02   8.4546816e+01
   1.1304068e+02   9.7744907e+01
   7.3544949e+01   1.0547125e+02
   1.1063370e+02   1.0141713e+02
   1.0246502e+02   7.7101139e+01
   1.1556917e+02   8.8891589e+01
   9.9747352e+01   1.1191876e+02
   1.2823922e+02   1.1387800e+02
   1.3985706e+02   9.3654494e+01
   1.1318344e+02   8.7676097e+01
   7.8404799e+01   1.2455663e+02
   1.2644250e+02   9.0717079e+01
   1.0545225e+02   1.1029879e+02
   1.0266248e+02   1.1365587e+02
   1.1279172e+02   8.7750814e+01
   9.3538640e+01   1.2886812e+02
   1.0603479e+02   9.0054864e+01
   9.1328056e+01   1.1207101e+02
   8.8785743e+01   1.0219727e+02
   1.2148951e+02   9.0008043e+01
   1.1696214e+02   8.7297275e+01
   1.0454794e+02   1.1696892e+02
   9.4662905e+01   8.1698802e+01
   9.1563565e+01   1.1520063e+02
   8.4740921e+01   6.2460817e+01
   1.1484980e+02   1.0435726e+02
   1.0336846e+02   1.2795149e+02
   9.3178275e+01   1.1536847e+02
   1.2637170e+02   8.5764713e+01
   1.0222650e+02   9.5880846e+01
   1.3001440e+02   1.2182956e+02
   9.5316497e+01   1.3637511e+02
   1.0616583e+02   1.2098870e+02
   8.9634205e+01   8.3364002e+01
   8.8212460e+01   1.3219814e+02
   1.0653083e+02   1.0379852e+02
   1.1028215e+02   1.2538372e+02
   8.7413791e+01   1.4239125e+02
   1.4020002e+02   1.0556322e+02
   1.2760932e+02   8.7395302e+01
   1.1995721e+02   7.6052144e+01
   1.0190601e+02   9.1672991e+01
   1.0577391e+02   9.6701478e+01
   1.3444729e+02   7.4599876e+01
   1.3325112e+02   9.3969094e+01
   8.7727955e+01   1.1880878e+02
   9.4803258e+01   1.2461602e+02
   1.0963748e+02   1.3028264e+02
   1.2080076e+02   1.1535667e+02
   5.1717034e+01   1.2838060e+02
   1.0671913e+02   1.1671011e+02
   1.0483832e+02   7.9250485e+01
   1.0919122e+02   1.0327476e+02
   1.1528614e+02   1.2239001e+02
   1.2300529e+02   1.1863968e+02
   8.0235779e+01   1.1198783e+02
   7.2314597e+01   1.2798810e+02
   1.0440858e+02   1.1030970e+02
   1.0330115e+02   9.1201331e+01
   8.1376523e+01   1.2547622e+02
   1.2040168e+02   1.0936131e+02
   1.0044739e+02   9.6483158e+01
   1.2056037e+02   9.0507264e+01
   1.0560923e+02   1.3877332e+02
   1.3117195e+02   1.0999704e+02
   1.1708229e+02   8.6939906e+01
   1.1390848e+02   1.0106182e+02
   1.1376304e+02   1.0286213e+02
   1.0446698e+02   1.0757652e+02
   1.1156696e+02   9.6244725e+01
   7.7117869e+01   1.0992650e+02
   7.7478460e+01   1.1725273e+02
   9.8272169e+01   1.1293064e+02
   1.1622824e+02   1.2537708e+02
   8.4912669e+01   1.0243393e+02
   7.6899760e+01   1.0120668e+02
   1.0124424e+02   1.1841998e+02
   8.7824378e+01   1.1238501e+02
   9.8871162e+01   8.5429203e+01
   9.6757430e+01   1.0716905e+02
   1.0282485e+02   1.1338076e+02
   9.8048362e+01   1.1381311e+02
   1.0252268e+02   9.1679044e+01
   9.1649433e+01   1.1187389e+02
   1.1140970e+02   9.1816318e+01
   9.3563056e+01   6.8693564e+01
   1.2420050e+02   1.0939546e+02
   8.0570697e+01   1.3582146e+02
   1.0325701e+02   9.9707239e+01
   1.3575211e+02   9.4552883e+01
   7.3858760e+01   1.1092068e+02
   1.1788882e+02   9.2093638e+01
   1.1076531e+02   1.0520578e+02
   9.4584212e+01   1.2224118e+02
   8.8087737e+01   8.3704362e+01
   1.2023975e+02   1.1846193e+02
   8.8728002e+01   1.0084212e+02
   9.1562116e+01   1.1145241e+02
   1.1367392e+02   8.2774756e+01
   1.1760898e+02   9.3677091e+01
   1.0787191e+02   1.0410484e+02
   1.1084151e+02   9.5560120e+01
   8.7093932e+01   1.0963006e+02
   1.2322398e+02   1.1440434e+02
   1.1683702e+02   1.2262707e+02
   1.0332632e+02   8.5401067e+01
   9.7687805e+01   1.0539817e+02
   1.0729282e+02   1.1960812e+02
   1.1279387e+02   9.1644562e+01
   1.4677703e+02   9.7249355e+01
   1.0048022e+02   8.6440188e+01
   8.7692210e+01   1.0743367e+02
   7.0293392e+01   1.0828178e+02
   9.5020296e+01   9.2605723e+01
   8.5145270e+01   1.1873179e+02
   1.4160571e+02   9.9421498e+01
   5.7944684e+01   1.2815593e+02
   1.0546820e+02   1.1998754e+02
   1.0341460e+02   1.2425394e+02
   1.1080682e+02   8.2892444e+01
   8.2591820e+01   8.7800004e+01
   1.0613633e+02   1.0861011e+02
   7.2005001e+01   1.3235862e+02
   7.6136049e+01   1.0997402e+02
   1.3523543e+02   8.8412486e+01
   9.4003529e+01   1.1297697e+02
   1.1008243e+02   9.8816967e+01
   1.1132288e+02   8.9918384e+01
   1.1673830e+02   1.0412250e+02
   1.2488110e+02   9.7755022e+01
   8.3795262e+01   9.7936171e+01
   1.1591501e+02   9.6863054e+01
   1.1831810e+02   1.1019297e+02
   1.2519275e+02   1.0073737e+02
   1.1425373e+02   9.5996419e+01
   6.5229353e+01   1.1748875e+02
   1.0556835e+02   1.1030508e+02
   9.4852055e+01   1.0399679e+02
   1.2629909e+02   8.8993179e+01
   9.0363852e+01   1.2586544e+02
   1.1537210e+02   1.2366442e+02
   1.2576396e+02   9.8353864e+01
   1.1705861e+02   9.1202005e+01
   1.0106115e+02   1.2793976e+02
   9.1907717e+01   1.2472554e+02
   1.3971616e+02   1.0450928e+02
   8.9013124e+01   1.0494808e+02
   1.0207790e+02   9.6512482e+01
   1.0269046e+02   1.1914366e+02
   9.9763553e+01   8.0021913e+01
   1.3212919e+02   8.7786547e+01
   8.1892079e+01   1.3086142e+02
   1.1828496e+02   9.9302079e+01
   1.2141574e+02   9.5424642e+01
   9.9858411e+01   1.1474167e+02
   1.2060873e+02   1.0737474e+02
   1.3482248e+02   8.7555330e+01
   7.3906982e+01   1.1193389e+02
   1.2017075e+02   9.9070790e+01
   9.1235246e+01   1.2295167e+02
   8.8950188e+01   1.1588973e+02
   1.3208567e+02   9.0686342e+01
   1.0682739e+02   1.3909633e+02
   8.0785626e+01   1.0770115e+02
   9.4635506e+01   1.3157212e+02
   1.2463264e+02   9.3755010e+01
   8.7839960e+01   1.0597657e+02
   1.3879639e+02   8.2927631e+01
   9.4283719e+01   1.2327678e+02
   8.7298599e+01   9.9674232e+01
   1.0523783e+02   1.1963026e+02
   1.1971802e+02   1.3431561e+02
   8.4451716e+01   1.2216082e+02
   7.1737012e+01   1.0846105e+02
   1.0864466e+02   1.0335504e+02
   1.0794458e+02   1.1694587e+02
   1.0206761e+02   1.1709266e+02
   1.0405286e+02   1.2708198e+02
   1.0729512e+02   8.8023007e+01
   1.1207065e+02   1.2121377e+02
   1.3976143e+02   1.0974151e+02
   1.2020862e+02   9.8940062e+01
   1.2551349e+02   7.3505391e+01
   1.0787612e+02   8.6729689e+01
   1.1316678e+02   1.1058473e+02
   1.3053035e+02   1.2152630e+02
   9.2923194e+01   1.2357952e+02
   1.1691959e+02   1.3308723e+02
   1.0145942e+02   1.2393659e+02
   1.0753310e+02   1.1615640e+02
   1.2346678e+02   1.1156059e+02
   1.1157442e+02   1.0064579e+02
   1.1490587e+02   1.0329568e+02
   1.0839899e+02   1.2523173e+02
   1.1538371e+02   1.1062732e+02
   1.0094949e+02   1.2707762e+02
   1.4231106e+02   1.0065011e+02
   1.0092510e+02   9.7405508e+01
   1.0905984e+02   1.0366185e+02
   1.3436329e+02   9.4030599e+01
   1.1246727e+02   9.7088108e+01
   7.9324560e+01   1.2265230e+02
   1.4224143e+02   9.8421592e+01
   1.0955585e+02   7.5885510e+01
   1.0700371e+02   1.3168410e+02
   1.1159335e+02   8.0355481e+01
   1.0625927e+02   9.8635614e+01
   1.0967249e+02   1.2860343e+02
   1.2606953e+02   1.0011066e+02
   9.6360969e+01   1.0142065e+02
   6.9193150e+01   1.3764615e+02
   1.1831537e+02   9.8985748e+01
   1.2375195e+02   1.1116570e+02
   1.2059016e+02   8.7684005e+01
   1.1172757e+02   9.5586180e+01
   7.8020118e+01   1.0721642e+02
   1.0332716e+02   1.3652880e+02
   1.0183958e+02   8.5372107e+01
   9.6434383e+01   1.1729196e+02
   9.2422565e+01   1.1305223e+02
   1.0295512e+02   1.1324787e+02
   9.4226619e+01   1.2015424e+02
   8.1195164e+01   1.2090487e+02
   1.0372805e+02   1.3000562e+02
   1.3115109e+02   8.1335759e+01
   8.0952908e+01   1.1132912e+02
   1.3608321e+02   1.1871560e+02
   1.2921759e+02   1.2086513e+02
   1.0581877e+02   1.1429113e+02
   1.0915099e+02   9.3365691e+01
   6.4709066e+01   1.3020126e+02
   1.2146020e+02   8.8976681e+01
   1.4362188e+02   1.0402434e+02
   1.0611056e+02   1.0352452e+02
   1.0191118e+02   1.1999027e+02
   1.0117141e+02   8.2510371e+01
   1.2596580e+02   7.8313389e+01
   9.9832792e+01   1.2160320e+02
   9.4924671e+01   1.0666139e+02
   1.1964451e+02   5.4216456e+01
   1.3451624e+02   1.2354571e+02
   8.7330158e+01   1.0327523e+02
   9.8929495e+01   1.3936970e+02
   8.9899304e+01   9.4527297e+01
   9.2503028e+01   1.0804041e+02
   1.0335753e+02   9.5514880e+01
   9.6670203e+01   1.1783801e+02
   7.1012449e+01   1.0210364e+02
   1.0086987e+02   1.2375571e+02
   7.5323373e+01   1.0849615e+02
   1.2101168e+02   7.6770922e+01
   9.9778541e+01   1.1382998e+02
   1.1997779e+02   1.1004587e+02
   1.4198531e+02   1.1210677e+02
   8.7169582e+01   1.0345218e+02
   1.1847536e+02   9.6003979e+01
   9.3067693e+01   1.1392386e+02
   1.1939167e+02   8.0694286e+01
   1.2645078e+02   7.4640890e+01
   9.7871294e+01   1.1239711e+02
   9.9729272e+01   1.0732691e+02
   8.2943638e+01   1.2124555e+02
   1.2972103e+02   9.1442169e+01
   1.0739290e+02   1.1586367e+02
   9.2283570e+01   1.0884465e+02
   9.4295482e+01   1.0686309e+02
   1.1104238e+02   8.2422449e+01
   1.0881027e+02   9.3126065e+01
   6.8457348e+01   1.2106922e+02
   1.0109328e+02   1.4627363e+02
   9.7465661e+01   1.1793590e+02
   1.1699198e+02   6.7009801e+01
   1.1039472e+02   9.7996426e+01
   8.8239453e+01   1.3256614e+02
   9.9307834e+01   1.1897173e+02
   1.0149476e+02   1.0319977e+02
   1.0326892e+02   9.5223120e+01
   1.0800113e+02   1.2687055e+02
   1.1910978e+02   6.9728050e+01
   9.4508003e+01   6.9886035e+01
   8.8638671e+01   7.0751493e+01
   8.2954600e+01   1.1351734e+02
   1.2952532e+02   8.5039086e+01
   1.2852698e+02   1.0707067e+02
   1.1449597e+02   1.0402232e+02
   8.3475572e+01   1.0300729e+02
   1.2274513e+02   9.4951673e+01
   1.2185725e+02   8.7641102e+01
   1.2305293e+02   1.2070631e+02
   1.4346577e+02   1.1880028e+02
   9.2196547e+01   1.2040071e+02
   9.9368203e+01   1.1662439e+02
   9.9522398e+01   1.1032145e+02
   1.0583348e+02   1.4443013e+02
   9.4146259e+01   1.1227396e+02
   1.1374044e+02   9.1814525e+01
   8.1226682e+01   1.2930975e+02
   1.1379673e+02   9.1708387e+01
   1.0104236e+02   8.5699915e+01
   1.3213626e+02   1.3467995e+02
   1.4133327e+02   8.5544479e+01
   1.2229060e+02   1.0247803e+02
   1.1284473e+02   1.0928846e+02
   1.0967461e+02   1.3580285e+02
   1.0162762e+02   1.4332205e+02
   1.0963012e+02   8.3577393e+01
   1.4923363e+02   8.0897816e+01
   1.2777889e+02   1.0656242e+02
   1.0507538e+02   1.0238973e+02
   1.1774863e+02   8.9054475e+01
   1.1137728e+02   8.4223962e+01
   1.0878293e+02   1.1814370e+02
   9.9475004e+01   1.1251258e+02
   9.7321284e+01   1.0530417e+02
   6.4100896e+01   1.0379874e+02
   1.1341907e+02   1.3492018e+02
   9.3441798e+01   1.1012007e+02
   1.1107543e+02   1.1674499e+02
   1.0319289e+02   1.2468803e+02
   1.0050358e+02   1.0962889e+02
   1.0877100e+02   1.2299729e+02
   1.2625670e+02   1.0947916e+02
   9.6149176e+01   1.1276755e+02
   1.0963605e+02   9.0607697e+01
   1.1126527e+02   1.0467928e+02
   1.2667273e+02   8.5531332e+01
   1.0281446e+02   1.2827705e+02
   1.4116636e+02   9.7048878e+01
   1.0324928e+02   9.3493784e+01
   1.3219828e+02   1.1581385e+02
   1.2130924e+02   9.4939178e+01
   1.1040769e+02   6.7641623e+01
   1.1328630e+02   9.0860853e+01
   9.5972272e+01   1.0620823e+02
   1.5043456e+02   8.2268696e+01
   9.3339480e+01   1.0944146e+02
   8.3631244e+01   1.0958487e+02
   7.8724265e+01   9.5948542e+01
   1.0589695e+02   9.9062206e+01
   1.1172090e+02   9.4248289e+01
   9.8985965e+01   7.7683480e+01
   1.0857613e+02   8.4588802e+01
   1.1877213e+02   8.6222002e+01
   1.3302752e+02   1.0617166e+02
   6.5537124e+01   1.2524685e+02
   9.2259785e+01   1.2099770e+02
   1.0649290e+02   1.1495054e+02
   1.2299522e+02   1.1336136e+02
   1.3407388e+02   1.0003541e+02
   9.0849345e+01   1.2955816e+02
   1.4496687e+02   1.0943718e+02
   1.0391692e+02   8.5038279e+01
   1.2045283e+02   1.0390765e+02
   1.1355073e+02   7.8846859e+01
   9.2976417e+01   1.0435255e+02
   1.3818955e+02   1.0403844e+02
   8.4295692e+01   1.0705074e+02
   1.0137281e+02   9.4594352e+01
   9.6780045e+01   1.1691811e+02
   1.0924139e+02   8.6945484e+01
   9.1047453e+01   7.6135797e+01
   1.3044823e+02   9.7017917e+01
   1.1340547e+02   1.0291187e+02
   9.9465559e+01   1.1619888e+02
   9.2421613e+01   1.4232853e+02
   9.5740440e+01   1.1501176e+02
   9.8122646e+01   8.5055317e+01
   1.2342709e+02   8.4032928e+01
   1.2139819e+02   9.7884846e+01
   9.4319153e+01   1.1923627e+02
   1.1413562e+02   1.2643478e+02
   9.0530630e+01   9.5198049e+01
   1.2132637e+02   7.7146203e+01
   9.2195122e+01   1.1354712e+02
   1.0183960e+02   9.2592828e+01
   1.0163394e+02   8.7581444e+01
   8.5242174e+01   9.9429688e+01
   1.1968965e+02   1.3214242e+02
   9.1421871e+01   7.6582620e+01
   9.0319106e+01   1.2028194e+02
   1.1056110e+02   8.3747009e+01
   1.0845766e+02   8.7605276e+01
   1.2535386e+02   1.0170128e+02
   1.0112115e+02   1.3389293e+02
   1.2553310e+02   8.9026230e+01
   1.1625588e+02   1.4547252e+02
   9.7920534e+01   1.1671257e+02
   7.9879740e+01   1.0269349e+02
   7.9325922e+01   1.2859733e+02
   1.2582551e+02   1.1523918e+02
   1.3338464e+02   1.1172514e+02
   9.4352917e+01   1.3955397e+02
   1.0739834e+02   9.8467134e+01
   9.0269109e+01   1.1308986e+02
   7.4562105e+01   1.2020319e+02
   8.7494865e+01   1.1234477e+02
   1.0271305e+02   8.5315134e+01
   9.4112291e+01   1.1581894e+02
   1.1356367e+02   8.9524052e+01
   9.7832858e+01   1.2250927e+02
   1.2720345e+02   1.1502057e+02
   1.1871173e+02   1.2951498e+02
   1.1406137e+02   9.2499258e+01
   1.0103791e+02   1.0525588e+02
   1.3457707e+02   9.7941574e+01
   9.6901860e+01   1.2674821e+02
   1.3535987e+02   1.1657721e+02
   1.1173874e+02   1.2333804e+02
   7.0293121e+01   1.0541218e+02
   1.1244213e+02   7.8554833e+01
   1.0809187e+02   1.3307628e+02
   9.5272384e+01   8.5966727e+01
   1.1585916e+02   8.2227476e+01
   8.4447179e+01   9.3074055e+01
   7.2406736e+01   1.0474208e+02
   7.8494220e+01   1.0189544e+02
   9.0959435e+01   1.0117171e+02
   9.1513931e+01   1.1270313e+02
   1.1313099e+02   8.8269140e+01
   1.0616794e+02   9.2683207e+01
   1.0611653e+02   1.0273389e+02
   6.3609860e+01   1.0135293e+02
   1.1614436e+02   7.5794880e+01
   1.0373973e+02   1.2236503e+02
   1.1031688e+02   9.9718020e+01
   1.1898261e+02   8.9332689e+01
   8.3270719e+01   1.2149890e+02
   1.0799205e+02   9.6303443e+01
   1.1768169e+02   7.2916685e+01
   1.1292128e+02   9.3815029e+01
   1.0409314e+02   1.1898450e+02
   1.4538679e+02   9.3015072e+01
   8.8790055e+01   1.2546845e+02
   8.1505613e+01   9.8552576e+01
   1.1418217e+02   7.8574321e+01
   1.0832662e+02   1.1507041e+02
   1.3192160e+02   1.0915645e+02
   1.1629524e+02   8.2347869e+01
   1.2847200e+02   1.1456791e+02
   1.0565054e+02   8.6545496e+01
   9.3494037e+01   1.0856464e+02
   9.6427035e+01   8.7926914e+01
   1.0836922e+02   9.4196701e+01
   1.2325157e+02   6.6943542e+01
   1.1363049e+02   1.2794726e+02
   1.1108969e+02   1.0704537e+02
   1.0433938e+02   8.7640204e+01
   1.0672387e+02   1.2724509e+02
   1.1375611e+02   1.3473409e+02
   1.1927147e+02   5.6966348e+01
   1.3633389e+02   1.2201668e+02
   1.0121283e+02   8.4154699e+01
   7.3623673e+01   1.2769092e+02
   1.0687208e+02   8.1301617e+01
   1.1138941e+02   6.8864065e+01
   1.0752821e+02   9.5908979e+01
   1.0211383e+02   1.2209303e+02
   9.4840258e+01   1.1374214e+02
   8.5438014e+01   1.0978977e+02
   9.1231552e+01   1.2113577e+02
   1.3728210e+02   9.8929146e+01
   1.0347778e+02   1.1578398e+02
   1.1798022e+02   1.1179746e+02
   8.1885771e+01   1.2287771e+02
   1.0206585e+02   1.1406796e+02
   9.0535808e+01   1.0178750e+02
   1.2796653e+02   1.1228577e+02
   8.5021036e+01   1.0779369e+02
   1.3448916e+02   1.0881315e+02
   1.1104375e+02   1.3012932e+02
   1.1116382e+02   7.9686661e+01
   1.1478700e+02   1.3556898e+02
   9.7733355e+01   1.1582150e+02
   1.3496411e+02   1.0642462e+02
   1.2136336e+02   9.2171525e+01
   9.8719805e+01   1.0917338e+02
   1.1267091e+02   1.0034551e+02
   9.6267385e+01   7.4050349e+01
   1.1120867e+02   8.5820814e+01
   1.0954119e+02   1.1702787e+02
   8.6713440e+01   1.1243466e+02
   6.5328261e+01   1.2672292e+02
   9.6124545e+01   8.6111461e+01
   9.8479386e+01   1.4234566e+02
   1.1515786e+02   8.5820697e+01
   8.6541581e+01   1.3259797e+02
   1.3772431e+02   1.1191500e+02
   8.0122891e+01   1.1806841e+02
   9.0674743e+01   1.1057814e+02
   1.5990376e+02   6.5465572e+01
   8.6199357e+01   1.0797368e+02
   9.0531671e+01   1.2040294e+02
   1.1474377e+02   8.7707132e+01
   8.0108433e+01   1.1331676e+02
   1.1683430e+02   1.0336399e+02
   1.3797673e+02   6.4538412e+01
   1.0359973e+02   1.0655216e+02
   5.6925708e+01   1.1769858e+02
   1.0756856e+02   9.2268326e+01
   1.0903242e+02   7.5813110e+01
   9.0793601e+01   1.2585867e+02
   1.1074025e+02   8.7113281e+01
   1.1738223e+02   8.1060991e+01
   1.0523383e+02   1.1539530e+02
   1.2095033e+02   9.4200789e+01
   8.0542092e+01   1.2363162e+02
   1.0282071e+02   1.1350016e+02
   1.2362492e+02   9.7083719e+01
   1.1255695e+02   9.9065662e+01
   1.1545417e+02   9.6867056e+01
   9.0716017e+01   1.1588971e+02
   9.2470819e+01   7.9781140e+01
   9.5985458e+01   8.7159963e+01
   1.3465046e+02   8.6387528e+01
   7.5985964e+01   1.3108396e+02
   1.4395845e+02   1.1890332e+02
   7.9465411e+01   9.1369445e+01
   1.1997333e+02   1.0436283e+02
   1.2923515e+02   1.2330233e+02
   9.6196855e+01   7.6942987e+01
   1.1690392e+02   8.3425963e+01
   1.0714572e+02   1.2602859e+02
   1.3585069e+02   1.0736077e+02
   9.5033641e+01   8.5938075e+01
   1.3012197e+02   9.6838859e+01
   9.3714226e+01   8.5014494e+01
   9.9051660e+01   1.1847276e+02
   1.2080435e+02   1.0325954e+02
   1.1979994e+02   8.8784989e+01
   1.0817009e+02   8.2557152e+01
   1.1811233e+02   9.8711569e+01
   1.1535254e+02   1.1079356e+02
   1.1023105e+02   8.7158085e+01
   9.8231155e+01   7.5771505e+01
   1.3588869e+02   1.1559956e+02
   7.0246642e+01   1.0653662e+02
   6.0448647e+01   1.2194959e+02
   1.0551673e+02   1.1582764e+02
   1.2431854e+02   7.1863864e+01
   1.3019423e+02   7.0378635e+01
   1.1040381e+02   9.8576837e+01
   1.0434962e+02   9.2681356e+01
   1.1153974e+02   1.1822981e+02
   8.5097892e+01   1.0940407e+02
   1.2112426e+02   7.8571196e+01
   9.1961063e+01   1.0650687e+02
   1.0663082e+02   9.5057781e+01
   9.3293493e+01   1.0015450e+02
   1.1017396e+02   1.0046097e+02
   9.4615289e+01   1.1980656e+02
   9.8947724e+01   1.3080582e+02
   1.3496115e+02   1.0928266e+02
   1.1033336e+02   1.3377976e+02
   1.3438342e+02   1.1393757e+02
   1.4161321e+02   1.1688908e+02
   9.9761011e+01   1.0994301e+02
   9.0892729e+01   1.2015068e+02
   9.5658348e+01   1.1525818e+02
   8.3466179e+01   9.6878894e+01
   6.8371148e+01   1.1716718e+02
   1.3261581e+02   7.8958789e+01
   1.0469189e+02   6.9436525e+01
   1.3392306e+02   1.1646138e+02
   1.0993369e+02   1.1403326e+02
   1.1989213e+02   8.2590092e+01
   7.9620487e+01   1.0574558e+02
   5.4008904e+01   1.2348511e+02
   1.1148294e+02   9.7096487e+01
   8.2188428e+01   1.2906867e+02
   1.0638738e+02   1.1419771e+02
   9.6155439e+01   1.1333309e+02
   1.0503881e+02   1.3173708e+02
   9.9796565e+01   7.4861357e+01
   1.1306553e+02   1.0921495e+02
   1.3584625e+02   1.2719825e+02
   1.1765850e+02   8.6663965e+01
   1.1467472e+02   7.1093938e+01
   1.2146543e+02   1.2801859e+02
   9.7141994e+01   1.1957136e+02
   8.9845904e+01   1.1524438e+02
   9.1500267e+01   1.3734196e+02
   9.0906809e+01   1.1893130e+02
   9.2374946e+01   1.0555661e+02
   1.0581314e+02   1.0119841e+02
   1.1286618e+02   9.6672272e+01
   8.4957237e+01   1.1049093e+02
   1.1571200e+02   1.1169175e+02
   8.5105646e+01   1.2192466e+02
   1.0225890e+02   8.7687275e+01
   1.1039543e+02   1.2641290e+02
   9.5973511e+01   1.4842880e+02
   4.0826196e+01   1.0522209e+02
   1.2894883e+02   1.0168309e+02
   1.1688922e+02   1.0032758e+02
   1.0222032e+02   1.2807673e+02
   9.1557997e+01   8.5174485e+01
   1.0943784e+02   9.4811365e+01
   8.5430047e+01   1.1516658e+02
   1.2043867e+02   8.8079747e+01
   1.1570294e+02   9.2058620e+01
   1.3258621e+02   1.1952267e+02
   1.2870102e+02   8.1436522e+01
   1.0485375e+02   9.2140153e+01
   1.4118356e+02   1.3650390e+02
   1.0065450e+02   1.1104780e+02
   1.1630171e+02   9.6742120e+01
   1.2508654e+02   8.7919226e+01
   1.2437236e+02   1.0104977e+02
   1.1972287e+02   9.1806143e+01
   1.0208379e+02   1.2841152e+02
   1.1923424e+02   9.4903668e+01
   1.1973847e+02   1.0488411e+02
   1.1214120e+02   8.8620159e+01
   6.0050424e+01   1.2657772e+02
   1.0238463e+02   8.3762814e+01
   9.2837751e+01   1.0027552e+02
   9.7353550e+01   1.1198518e+02
   9.4068072e+01   8.4167016e+01
   1.2387066e+02   9.3655665e+01
   1.2958462e+02   8.6861067e+01
   1.0314104e+02   1.1925708e+02
   1.0158639e+02   9.2126992e+01
   9.3086179e+01   1.1256154e+02
   9.5651456e+01   1.2536387e+02
   1.2235180e+02   1.0997854e+02
   1.0047267e+02   7.1819543e+01
   1.0260041e+02   1.1642352e+02
   1.0699968e+02   1.3855496e+02
   1.0387112e+02   1.1247555e+02
   1.0361024e+02   8.6568685e+01
   1.0343826e+02   1.1792003e+02
   1.0689784e+02   1.1937334e+02
   1.4056450e+02   9.2178665e+01
   1.0213268e+02   6.0328357e+01
   7.6744969e+01   1.1180510e+02
   1.0811233e+02   1.3379682e+02
   1.2714282e+02   9.5424077e+01
   8.5389036e+01   1.1316775e+02
   1.0385830e+02   9.4436566e+01
   1.2095876e+02   1.1459691e+02
   1.2237291e+02   8.4456239e+01
   1.0260269e+02   8.6993150e+01
   6.7878324e+01   1.2150155e+02
   1.0884456e+02   1.0004122e+02
   1.0761025e+02   8.2388451e+01
   1.2699434e+02   1.0819793e+02
   1.2820634e+02   9.6538751e+01
   1.2397765e+02   8.0647950e+01
   1.1749801e+02   8.6656710e+01
   1.0441130e+02   1.3171131e+02
   8.5925559e+01   8.9489641e+01
   7.7090765e+01   1.2361710e+02
   7.3140996e+01   9.9596789e+01
   8.9518909e+01   1.1426757e+02
   1.1380373e+02   7.8919562e+01
   8.3896811e+01   9.7333407e+01
   7.2617772e+01   1.0140692e+02
   7.3371939e+01   1.1472953e+02
   9.2465366e+01   9.0793922e+01
   9.1237420e+01   8.3598239e+01
   1.1803999e+02   1.1027691e+02
   9.5130184e+01   1.0548197e+02
   1.2937798e+02   1.1208309e+02
   1.0616641e+02   1.1708855e+02
   8.9161594e+01   1.0767022e+02
   1.1621324e+02   1.0233426e+02
   1.0091368e+02   9.1306185e+01
   1.2362963e+02   1.0055509e+02
   1.1542464e+02   9.8791200e+01
   1.2870315e+02   7.8661767e+01
   9.8596285e+01   1.1451535e+02
   1.0342049e+02   1.1122117e+02
   1.0092708e+02   9.5823782e+01
   1.2224738e+02   1.0450547e+02
   1.0284619e+02   1.0836610e+02
   7.5360873e+01   1.2205310e+02
   1.0362293e+02   1.2260716e+02
   6.6390410e+01   1.4025374e+02
   1.0103014e+02   1.3424381e+02
   8.7720209e+01   1.0587061e+02
   8.6968740e+01   1.0262104e+02
   9.5220585e+01   9.7565094e+01
   1.1584581e+02   9.1658463e+01
   9.9766888e+01   1.2570686e+02
   1.3164186e+02   9.5287339e+01
   1.0418084e+02   1.2088923e+02
   9.8381076e+01   1.0424852e+02
   1.0205215e+02   1.0298482e+02
   1.1350768e+02   1.2901243e+02
   7.5270197e+01   1.2961691e+02
   7.9910018e+01   1.2060499e+02
   1.0423501e+02   1.2237271e+02
   1.0445933e+02   1.2656903e+02
   8.0456190e+01   1.1323623e+02
   1.0493459e+02   9.9609694e+01
   1.1655937e+02   1.2326137e+02
   1.1819290e+02   9.8546857e+01
   1.1315961e+02   9.3600890e+01
   9.6195714e+01   1.0988741e+02
   9.2268449e+01   8.5018134e+01
   8.2200353e+01   9.6199468e+01
   8.2854851e+01   1.1548458e+02
   1.4007385e+02   7.8083745e+01
   9.5616059e+01   1.2714966e+02
   1.0543981e+02   1.2859841e+02
   1.2629286e+02   7.7039441e+01
   8.7465737e+01   1.3205276e+02
   1.1674085e+02   9.9151201e+01
   1.1043216e+02   1.1757959e+02
   1.1934757e+02   8.5838493e+01
   1.2551914e+02   1.0605794e+02
   1.1155406e+02   1.0268123e+02
   1.1011075e+02   8.8969697e+01
   1.0434608e+02   9.8935814e+01
   1.0712143e+02   1.1232504e+02
   7.8771402e+01   1.3243878e+02
   1.2341640e+02   1.0670987e+02
   1.1587295e+02   8.3533955e+01
   1.3366582e+02   8.2719024e+01
   7.7529854e+01   1.3714065e+02
   1.0333069e+02   1.3865309e+02
   1.2114926e+02   1.0416036e+02
   1.1281625e+02   1.3035081e+02
   1.2854226e+02   1.1744071e+02
   1.2899699e+02   1.1001780e+02
   1.2357536e+02   6.3257236e+01
   1.3051355e+02   8.1512261e+01
   8.1406530e+01   1.1509495e+02
   9.4648233e+01   1.1360581e+02
   5.8865571e+01   9.5387392e+01
   7.6715776e+01   1.1311603e+02
   1.3167410e+02   9.5009234e+01
   1.2982736e+02   1.3678403e+02
   1.2439587e+02   8.2593944e+01
   1.3123688e+02   1.0966888e+02
   9.4637223e+01   1.2338573e+02
   9.7810802e+01   1.1967027e+02
   1.3716188e+02   7.2287817e+01
   8.9859594e+01   8.4896616e+01
   9.4816874e+01   1.2556110e+02
   1.0871242e+02   1.0004070e+02
   8.5415778e+01   7.0355509e+01
   9.0521844e+01   1.2816400e+02
   1.2494272e+02   1.1530376e+02
   1.3596275e+02   1.1243094e+02
   1.0471808e+02   1.2482713e+02
   1.2346890e+02   8.7021113e+01
   1.2323272e+02   1.0160322e+02
   9.8012333e+01   8.0934454e+01
   1.0256319e+02   9.4802955e+01
   1.0817474e+02   1.1128673e+02
   9.7422144e+01   1.0970497e+02
   1.1962901e+02   1.3854948e+02
   1.2665221e+02   1.1176493e+02
   1.3039091e+02   1.2892330e+02
   9.6570741e+01   9.0095756e+01
   8.3477699e+01   1.1858584e+02
   1.2078894e+02   9.2787325e+01
   9.5272719e+01   1.1256622e+02
   1.1589200e+02   1.2103237e+02
   8.7290541e+01   1.0674531e+02
   1.2150979e+02   1.2003120e+02
   1.2680627e+02   1.0467693e+02
   1.1671223e+02   9.8354669e+01
   1.2188464e+02   1.1889174e+02
   1.1743773e+02   7.4849355e+01
   9.7958423e+01   1.2388059e+02
   1.3280355e+02   1.0098645e+02
   1.0534546e+02   9.5030632e+01
   1.1543622e+02   1.2227412e+02
   9.6871589e+01   1.0676988e+02
   1.1645915e+02   9.4342777e+01
   1.1552575e+02   1.2050727e+02
   1.0531910e+02   1.0793469e+02
   9.4223932e+01   8.7150499e+01
   1.1954424e+02   1.0210651e+02
   1.0210786e+02   9.2479273e+01
   9.1091353e+01   1.0562890e+02
   9.8124381e+01   1.1517069e+02
   1.0752307e+02   9.6417548e+01
   1.0008107e+02   1.1859512e+02
   1.1254771e+02   9.7121009e+01
   1.3058641e+02   8.2602118e+01
   1.1262474e+02   1.3379237e+02
   1.1263295e+02   1.2470685e+02
   1.0956579e+02   9.3240457e+01
   1.0538347e+02   9.5102482e+01
   8.9967763e+01   1.2179384e+02
   7.8733815e+01   1.0531161e+02
   1.0449333e+02   1.2555561e+02
   9.8189688e+01   1.3635739e+02
   9.5686095e+01   1.2925001e+02
   7.3270308e+01   1.1877227e+02
   1.1009554e+02   1.1868739e+02
   9.9804535e+01   1.0144895e+02
   1.0444483e+02   1.4078308e+02
   9.5891914e+01   8.8781336e+01
   9.7554629e+01   1.0967035e+02
   9.5061648e+01   1.2917974e+02
   6.9123527e+01   9.3721394e+01
   1.0128461e+02   9.9063848e+01
   1.0694627e+02   1.1278056e+02
   1.1940712e+02   9.8373865e+01
   1.1619012e+02   9.8211954e+01
   9.6400486e+01   1.0754142e+02
   1.0350535e+02   1.2066045e+02
   1.0186712e+02   9.2116097e+01
   1.2945186e+02   9.7854289e+01
   1.1680577e+02   1.1977798e+02
   9.9702759e+01   1.4856480e+02
   1.3649067e+02   7.8453099e+01
   9.8250713e+01   1.1102501e+02
   1.1091346e+02   1.0587409e+02
   1.2866464e+02   1.0459670e+02
   8.6545380e+01   1.2828815e+02
   1.0916797e+02   9.9159408e+01
   1.1383625e+02   1.1109903e+02
   9.4750374e+01   1.0448428e+02
   1.3147619e+02   1.0800157e+02
   1.2924371e+02   1.0802436e+02
   8.7439971e+01   1.0252485e+02
   9.7265242e+01   1.1327308e+02
   8.6370550e+01   1.0008237e+02
   9.8660805e+01   1.1225050e+02
   9.7735056e+01   1.0893503e+02
   8.9291351e+01   1.0887161e+02
   1.0343554e+02   1.1241004e+02
   9.5795299e+01   1.1612900e+02
   1.3121575e+02   8.4854705e+01
   6.8917525e+01   9.4876041e+01
   1.1113061e+02   9.0531387e+01
   7.4083258e+01   1.2132451e+02
   1.2188092e+02   1.0299918e+02
   9.5126470e+01   1.0640826e+02
   1.0082088e+02   1.1290313e+02
   1.3426454e+02   6.4504402e+01
   9.8557682e+01   1.0731754e+02
   1.2326080e+02   1.0282803e+02
   1.2225217e+02   1.1283691e+02
   9.3673433e+01   1.0470763e+02
   1.2445832e+02   1.1706233e+02
   8.9988021e+01   8.8722906e+01
   9.5560551e+01   1.1057424e+02
   1.0914041e+02   9.8010017e+01
   1.1196867e+02   1.2297678e+02
   8.9107339e+01   1.0988141e+02
   1.2531700e+02   1.4424607e+02
   9.8046450e+01   1.1044134e+02
   1.0067198e+02   8.5690768e+01
   8.0083734e+01   1.0770888e+02
   1.3579158e+02   1.2443205e+02
   9.8829743e+01   1.0748397e+02
   7.7534641e+01   1.2763677e+02
   9.8164747e+01   1.1361996e+02
   9.0212274e+01   1.2001143e+02
   1.2625191e+02   9.6108564e+01
   7.6789319e+01   1.0042069e+02
   1.1931045e+02   1.0342935e+02
   1.1318692e+02   8.7503865e+01
   8.0720731e+01   8.7195064e+01
   1.3517978e+02   8.6095358e+01
   1.1931637e+02   7.5930581e+01
   1.1541712e+02   1.0457678e+02
   1.0577069e+02   1.1724161e+02
   1.3359889e+02   9.4189786e+01
   1.3276005e+02   9.3317119e+01
   1.4119802e+02   1.0334323e+02
   1.3451104e+02   1.1050231e+02
   9.7615201e+01   1.1500975e+02
   1.2552449e+02   8.4224456e+01
   7.9946259e+01   1.2910667e+02
   6.9791616e+01   1.0684588e+02
   1.0549686e+02   1.2300494e+02
   1.0337446e+02   1.1211790e+02
   9.1113041e+01   6.1549931e+01
   1.1036779e+02   1.1342193e+02
   1.1680790e+02   1.0874879e+02
   1.1542822e+02   7.8561424e+01
   1.3870236e+02   8.1918173e+01
   1.0092522e+02   1.4725141e+02
   1.0630424e+02   8.0660751e+01
   1.0634897e+02   1.0375384e+02
   1.2234696e+02   1.0542759e+02
   1.3189906e+02   1.0970474e+02
   1.2423943e+02   6.9515591e+01
   8.6303939e+01   1.0114184e+02
   1.0560407e+02   9.4071553e+01
   1.3594305e+02   1.0758067e+02
   1.2058124e+02   1.0636642e+02
   8.9494590e+01   1.0914586e+02
   9.9134178e+01   1.0601441e+02
   1.2010815e+02   8.4779294e+01
   1.1060023e+02   7.1926071e+01
   1.0719449e+02   9.0380646e+01
   9.0781951e+01   1.0478385e+02
   1.1569716e+02   9.0592824e+01
   1.1076296e+02   9.5628644e+01
   1.2481397e+02   7.5485022e+01
   9.3214909e+01   1.1192197e+02
   9.1045734e+01   1.2423429e+02
   1.1499470e+02   5.8441679e+01
   1.0321931e+02   1.3006553e+02
   7.0132151e+01   1.3109926e+02
   1.1095712e+02   1.2200313e+02
   8.2081586e+01   9.8419511e+01
   9.2482297e+01   1.3733382e+02
   1.1435976e+02   1.0355330e+02
   9.3171941e+01   1.2774675e+02
   9.3049233e+01   8.2967167e+01
   9.1302991e+01   1.0361044e+02
   1.2548847e+02   9.7759531e+01
   1.0282876e+02   1.1679620e+02
   8.9018487e+01   9.4180850e+01
   1.0861574e+02   1.1454545e+02
   6.9667929e+01   1.1360669e+02
   1.2780085e+02   9.1982993e+01
   1.2478087e+02   1.3701135e+02
   7.5702704e+01   1.3353768e+02
   1.1668944e+02   9.2410003e+01
   1.0860101e+02   1.1695213e+02
   9.8814604e+01   1.0540209e+02
   1.0309426e+02   1.1383922e+02
   1.3812914e+02   1.1354464e+02
   1.1707469e+02   9.0802086e+01
   1.0469960e+02   1.1957210e+02
   8.7644972e+01   1.2272739e+02
   1.0303013e+02   1.2127634e+02
   1.2443666e+02   9.5031345e+01
   8.8339492e+01   1.1116579e+02
   1.2784692e+02   9.1533305e+01
   1.2548990e+02   8.8007196e+01
   1.3692461e+02   1.2637450e+02
   1.2571444e+02   1.0673078e+02
   1.4360170e+02   1.0026233e+02
   1.0399834e+02   8.2075917e+01
   1.1082681e+02   1.3182591e+02
   9.6031031e+01   1.1709053e+02
   1.1728053e+02   9.6570637e+01
   1.2580558e+02   8.8452738e+01
   9.4332125e+01   1.2606536e+02
   8.5165256e+01   1.1361137e+02
   1.2559829e+02   1.1061456e+02
   1.1786913e+02   8.4560931e+01
   1.1482013e+02   1.2365064e+02
   8.3751728e+01   8.1065236e+01
   1.0700259e+02   1.1960238e+02
   1.1701358e+02   1.0313491e+02
   1.0068682e+02   1.2037627e+02
   1.0127009e+02   1.0829197e+02
   1.0234757e+02   8.9570088e+01
   8.1887779e+01   1.4308400e+02
   1.1458471e+02   9.0810121e+01
   1.0951238e+02   1.2264232e+02
   8.6988664e+01   9.9834439e+01
   8.3526563e+01   1.2190228e+02
   7.9878077e+01   1.2027161e+02
   1.0415666e+02   1.1046026e+02
   1.2360419e+02   7.9992317e+01
   1.0896040e+02   1.0378732e+02
   1.1296700e+02   9.0387279e+01
   7.4664606e+01   1.6043741e+02
   8.6676030e+01   1.3420644e+02
   1.0419477e+02   1.1863623e+02
   1.0452018e+02   1.1048882e+02
   8.5436084e+01   1.2146275e+02
   1.1217450e+02   1.0286436e+02
   1.3067434e+02   9.6583546e+01
   9.6307264e+01   1.0219862e+02
   1.1382594e+02   1.0222302e+02
   9.9142257e+01   8.7666421e+01
   8.9012668e+01   9.7308626e+01
   1.1170093e+02   7.3256313e+01
   1.2511711e+02   9.0173020e+01
   8.7153092e+01   1.1625925e+02
   1.3931116e+02   1.1730346e+02
   1.2367705e+02   9.0630198e+01
   1.4084528e+02   7.9726759e+01
   9.7858329e+01   1.2508699e+02
   1.2496117e+02   1.2125130e+02
   8.7114202e+01   1.3145677e+02
   1.2552705e+02   8.1127231e+01
   1.2048515e+02   1.1012918e+02
   8.0346197e+01   1.3027308e+02
   1.2285776e+02   1.2484946e+02
   1.1588576e+02   1.0613530e+02
   7.3167169e+01   9.9190529e+01
   8.1478466e+01   1.1445032e+02
   1.0531569e+02   1.2753640e+02
   1.0615803e+02   1.2335034e+02
   8.2406919e+01   1.1130926e+02
   1.1824236e+02   8.8211788e+01
   1.0395981e+02   8.8961511e+01
   1.0588282e+02   1.1012599e+02
   1.0125058e+02   1.1599171e+02
   1.1927954e+02   8.3215439e+01
   9.8205311e+01   7.4664467e+01
   9.6313379e+01   1.3638606e+02
   9.8993783e+01   1.2207049e+02
   1.0279899e+02   8.4818537e+01
   9.1798794e+01   1.1040324e+02
   1.1785341e+02   1.0645213e+02
   1.1552229e+02   9.9407581e+01
   1.2011931e+02   1.0553025e+02
   1.1995681e+02   1.4318651e+02
   1.0650912e+02   1.2943997e+02
   1.3828187e+02   9.4109830e+01
   9.0297821e+01   1.0656466e+02
   9.0008176e+01   1.1486985e+02
   1.0807744e+02   8.9005391e+01
   1.0778075e+02   1.0365150e+02
   1.1341379e+02   8.3002871e+01
   1.2178297e+02   9.8142130e+01
   8.3956881e+01   1.1809762e+02
   8.5127441e+01   7.1999363e+01
   1.1913076e+02   1.1526562e+02
   8.4488149e+01   1.0902485e+02
   9.0310419e+01   1.3949777e+02
   1.1427416e+02   7.6948626e+01
   7.5809904e+01   9.2137267e+01
   1.1775703e+02   8.9481455e+01
   9.8270345e+01   9.7026188e+01
   1.2096588e+02   9.5881245e+01
   1.1091550e+02   9.9428959e+01
   9.4080948e+01   1.1606670e+02
   1.0027988e+02   1.1941176e+02
   1.2477205e+02   1.1425856e+02
   9.2901838e+01   1.3371323e+02
   1.4555024e+02   1.1504400e+02
   1.0734707e+02   1.2731362e+02
   8.3757794e+01   8.5622982e+01
   1.2244156e+02   1.1717975e+02
   1.0221517e+02   1.1520032e+02
   1.1400621e+02   9.7513792e+01
   8.9566204e+01   1.0546109e+02
   1.4067373e+02   7.8710450e+01
   7.4608714e+01   1.3424507e+02
   5.4500154e+01   1.0996023e+02
   1.0332179e+02   1.2644279e+02
   1.4248660e+02   1.0419944e+02
   1.0170487e+02   1.0712452e+02
   8.7923940e+01   1.4315618e+02
   1.1016250e+02   8.3185093e+01
   9.8388806e+01   1.1331420e+02
   9.2024012e+01   1.1525955e+02
   7.8165757e+01   1.4238198e+02
   1.3209662e+02   6.2134668e+01
   1.3427523e+02   1.0464202e+02
   8.3758138e+01   1.1953616e+02
   1.1153915e+02   8.1771188e+01
   8.8722625e+01   1.4484279e+02
   1.3125795e+02   1.0546728e+02
   1.1688700e+02   1.1200501e+02
   1.0471888e+02   1.1972640e+02
   1.2065345e+02   1.0791249e+02
   1.1609569e+02   1.0691920e+02
   1.3214432e+02   1.0025279e+02
   9.0250966e+01   1.2230815e+02
   9.2697929e+01   1.0476644e+02
   9.9428002e+01   1.1819833e+02
   1.0735753e+02   1.3770984e+02
   1.0731277e+02   1.0431581e+02
   1.0010407e+02   1.3057769e+02
   8.8478490e+01   1.0329187e+02
   1.3185887e+02   1.0013794e+02
   9.5702584e+01   1.3065244e+02
   9.1252619e+01   7.8855029e+01
   1.0206823e+02   1.1322299e+02
   1.2232416e+02   9.9251289e+01
   1.0218974e+02   9.5092471e+01
   9.3838678e+01   1.3093193e+02
   1.3417375e+02   7.0070495e+01
   9.2004583e+01   1.0339182e+02
   1.2180707e+02   9.6968235e+01
   7.0057220e+01   1.1985263e+02
   1.0017280e+02   1.1571825e+02
   1.0414944e+02   9.8835526e+01
   1.2988245e+02   1.0324064e+02
   8.9538566e+01   1.0533566e+02
   5.3251576e+01   1.3663513e+02
   1.0162776e+02   8.2282966e+01
   7.8476821e+01   1.2623057e+02
   1.2114267e+02   1.1098114e+02
   1.0307214e+02   1.2375966e+02
   8.9395827e+01   7.7024568e+01
   8.1409626e+01   9.3532600e+01
   8.5106136e+01   1.2224003e+02
   1.1081269e+02   1.3297634e+02
   9.6158511e+01   1.1545040e+02
   1.0783640e+02   1.0034170e+02
   7.5514086e+01   1.2288113e+02
   1.0160769e+02   9.3690057e+01
   1.4524142e+02   1.0126047e+02
   1.3832082e+02   8.9431397e+01
   1.0000183e+02   1.3168834e+02
   1.2578022e+02   1.0924139e+02
   1.0087711e+02   9.0445035e+01
   1.1420745e+02   8.2156666e+01
   1.2311186e+02   1.0474944e+02
   1.2136776e+02   8.0701428e+01
   5.5813334e+01   9.8678745e+01
   8.6829929e+01   1.0223308e+02
   9.8338583e+01   8.7292693e+01
   8.9526296e+01   1.1881432e+02
   9.6626910e+01   1.1387883e+02
   7.3619484e+01   1.1385492e+02
   1.0452473e+02   9.8743811e+01
   9.5072356e+01   1.2662855e+02
   1.4314332e+02   1.0441129e+02
   1.2993200e+02   1.2311478e+02
   1.0011119e+02   8.6275265e+01
   1.3219594e+02   1.0427515e+02
   1.0921214e+02   8.8989402e+01
   1.1815493e+02   7.7128944e+01
   1.1241183e+02   1.2152213e+02
   1.1332854e+02   1.1733360e+02
   1.0341056e+02   9.2328847e+01
   1.2741201e+02   1.0693077e+02
   1.0565118e+02   1.1320904e+02
   1.1329231e+02   1.0954118e+02
   9.3203298e+01   9.5601768e+01
   1.2194000e+02   9.5021929e+01
   1.2603088e+02   7.6392260e+01
   9.4539116e+01   1.1829472e+02
   1.3783197e+02   1.2508284e+02
   8.4710026e+01   1.0130377e+02
   9.4667328e+01   1.1741187e+02
   7.3402975e+01   1.0750003e+02
   1.2233592e+02   1.0374732e+02
   1.2140885e+02   9.7199778e+01
   1.0710103e+02   1.1450239e+02
   1.1702213e+02   9.2862366e+01
   8.8095230e+01   1.3607574e+02
   1.1954540e+02   8.0657492e+01
   7.3098864e+01   1.2717382e+02
   1.1009585e+02   1.2570142e+02
   7.7451994e+01   1.1632752e+02
   1.3625686e+02   8.9514000e+01
   9.9011447e+01   1.2812343e+02
   1.2067371e+02   1.0350232e+02
   9.4621313e+01   1.0416720e+02
   1.1275806e+02   1.0480123e+02
   1.1458770e+02   1.2846856e+02
   9.3031402e+01   1.0901215e+02
   1.3822316e+02   9.8777897e+01
   1.0757495e+02   7.5283079e+01
   8.4873854e+01   1.1746385e+02
   1.0830441e+02   9.4414600e+01
   9.3940714e+01   1.3670538e+02
   1.0046644e+02   8.9705612e+01
   1.0664767e+02   1.1845735e+02
   8.7043313e+01   1.0831748e+02
   9.2483014e+01   1.1492781e+02
   1.1093040e+02   9.4493208e+01
   1.1453822e+02   1.0340895e+02
   1.2350463e+02   1.0541756e+02
   1.1288170e+02   1.2797849e+02
   1.1997173e+02   9.4921895e+01
   1.0900574e+02   1.1912027e+02
   1.2657608e+02   1.0635828e+02
   7.6821367e+01   1.2549792e+02
   9.8451822e+01   1.0616238e+02
   1.0129699e+02   1.1475536e+02
   9.3029347e+01   1.1550712e+02
   1.2907927e+02   1.1686298e+02
   1.0022428e+02   8.9148606e+01
   8.6916575e+01   1.0499961e+02
   1.1405657e+02   1.1866679e+02
   9.5924794e+01   1.3527588e+02
   9.4625297e+01   1.1550471e+02
   1.3170919e+02   9.7231919e+01
   1.0213486e+02   1.3790070e+02
   8.1172689e+01   1.3858056e+02
   1.0455919e+02   7.3954656e+01
   1.0794618e+02   8.6650819e+01
   1.2204481e+02   1.1556573e+02
   1.1197131e+02   8.1126832e+01
   8.1901507e+01   6.1942687e+01
   1.1259316e+02   9.8026829e+01
   1.1186410e+02   1.2731026e+02
   7.8758699e+01   1.3769192e+02
   8.2025979e+01   1.2830013e+02
   9.7735981e+01   1.2498017e+02
   8.8540352e+01   1.2701245e+02
   9.7991590e+01   7.5131565e+01
   1.0147336e+02   6.7427504e+01
   1.2124069e+02   1.2490337e+02
   8.4129930e+01   6.1019769e+01
   1.1474568e+02   1.4443097e+02
   8.7665066e+01   1.4016403e+02
   1.2478910e+02   8.1558427e+01
   9.3793586e+01   8.6151876e+01
   9.7824905e+01   1.0720531e+02
   7.2735869e+01   8.4091816e+01
   9.5294338e+01   1.2239636e+02
   1.2802336e+02   9.3444179e+01
   9.6163950e+01   7.0005474e+01
   1.2028164e+02   1.0554917e+02
   1.1931181e+02   1.3342278e+02
   1.0636122e+02   1.4508903e+02
   9.6211328e+01   1.2635007e+02
   1.2855297e+02   1.0625787e+02
   9.1038378e+01   1.0026939e+02
   7.4508150e+01   1.0570892e+02
   1.1649642e+02   1.2344663e+02
   9.8111450e+01   1.2567675e+02
   1.3532481e+02   9.6993314e+01
   7.0568351e+01   9.4832810e+01
   1.0427550e+02   8.9249648e+01
   1.2797140e+02   1.0643485e+02
   1.1663134e+02   9.5390144e+01
   1.1738723e+02   1.0998628e+02
   8.8555904e+01   1.2931833e+02
   1.0088448e+02   1.2006407e+02
   7.7150524e+01   1.0595447e+02
   8.9072022e+01   9.6314215e+01
   1.3095851e+02   7.4945567e+01
   1.0142412e+02   1.1216187e+02
   9.8779002e+01   1.1489139e+02
   8.8989334e+01   1.2417159e+02
   9.2699960e+01   1.1264622e+02
   1.2087198e+02   9.8501256e+01
   1.0405019e+02   9.2475201e+01
   9.4957942e+01   8.9545426e+01
   1.1206396e+02   1.1676897e+02
   1.1053828e+02   9.1458203e+01
   9.0249700e+01   1.4786270e+02
   9.1092525e+01   8.3437701e+01
   1.4225052e+02   1.2199243e+02
   9.4490985e+01   1.1794222e+02
   1.0238842e+02   9.6799627e+01
   1.1900026e+02   1.2344104e+02
   1.1672793e+02   1.0359786e+02
   1.1049296e+02   1.0392021e+02
   1.3389935e+02   1.2852031e+02
   9.7289657e+01   1.1627901e+02
   1.1168859e+02   1.2671996e+02
   7.9257225e+01   9.8303206e+01
   1.2794697e+02   9.0470020e+01
   1.3182027e+02   1.1069290e+02
   1.0771938e+02   9.3611205e+01
   1.1949397e+02   1.1188765e+02
   1.2040555e+02   7.9870792e+01
   1.0111535e+02   1.3103106e+02
   9.7271563e+01   8.9150981e+01
   8.2911868e+01   1.4419493e+02
   1.3295373e+02   8.1918159e+01
   1.0872023e+02   1.4068896e+02
   1.2982303e+02   8.6218357e+01
   1.1132942e+02   1.2727724e+02
   1.0446865e+02   1.1635358e+02
   9.2529301e+01   1.0558173e+02
   1.2812846e+02   1.1830309e+02
   1.2133588e+02   9.5673619e+01
   1.0117122e+02   9.7635396e+01
   9.3059421e+01   1.0882734e+02
   8.9978514e+01   1.0426712e+02
   1.3136524e+02   1.1755574e+02
   1.1238058e+02   7.8397269e+01
   1.1059946e+02   1.3019050e+02
   1.0739911e+02   1.1779048e+02
   8.3315867e+01   1.2722706e+02
   8.7022832e+01   1.1338030e+02
   1.1531391e+02   1.1884577e+02
   8.4510307e+01   1.3580878e+02
   1.2648688e+02   9.7643329e+01
   1.1366411e+02   9.2328220e+01
   1.2020901e+02   1.0042079e+02
   9.1559293e+01   1.0100457e+02
   1.3803053e+02   7.8344337e+01
   9.2189482e+01   1.2163548e+02
   1.3041473e+02   7.1110270e+01
   1.0839132e+02   1.1505984e+02
   8.5777520e+01   1.3016562e+02
   9.1959647e+01   9.9312953e+01
   7.9915301e+01   1.1409847e+02
   9.0243863e+01   1.0515424e+02
   1.0693128e+02   1.1810319e+02
   1.4026531e+02   1.1364537e+02
   9.1369344e+01   1.1571600e+02
   1.1755894e+02   8.8402276e+01
   9.7049589e+01   1.1332889e+02
   9.3615851e+01   1.1612980e+02
   1.4181023e+02   1.0207554e+02
   1.1800435e+02   8.2958025e+01
   9.5680821e+01   1.1436578e+02
   1.0816910e+02   9.4556180e+01
   7.7870525e+01   1.0744569e+02
   9.1646269e+01   1.2499330e+02
   1.0829504e+02   9.2510057e+01
   7.7099493e+01   1.3239819e+02
   8.1091519e+01   1.0786802e+02
   1.1582404e+02   6.8405040e+01
   1.2639673e+02   8.3981695e+01
   1.2238797e+02   8.3060039e+01
   1.2923951e+02   9.5523300e+01
   7.3418126e+01   1.1162506e+02
   7.5940885e+01   1.2955291e+02
   1.0727648e+02   1.2859197e+02
   9.5195908e+01   1.1387755e+02
   1.0968945e+02   1.2003628e+02
   1.0280616e+02   1.2949938e+02
   1.0310625e+02   8.7032856e+01
   1.0088666e+02   1.2014137e+02
   9.2264228e+01   9.3878451e+01
   9.5775114e+01   9.3283526e+01
   1.1074360e+02   6.7267352e+01
   8.2363725e+01   1.2779568e+02
   9.9901908e+01   1.3137039e+02
   1.0655776e+02   1.2176778e+02
   1.2313407e+02   1.1392840e+02
   1.0236439e+02   1.1360470e+02
   1.0975178e+02   6.4319819e+01
   9.2129849e+01   1.0030950e+02
   1.1844691e+02   9.6634674e+01
   1.0066868e+02   9.2355643e+01
   1.2053938e+02   1.3650475e+02
   7.4360604e+01   1.0478099e+02
   8.7359363e+01   1.1319263e+02
   1.0834093e+02   9.5948569e+01
   9.0349871e+01   9.9416153e+01
   1.0589974e+02   1.3159809e+02
   9.7649714e+01   1.2343348e+02
   1.1047801e+02   7.7410796e+01
   1.3525332e+02   8.9775151e+01
   9.1254057e+01   1.4323466e+02
   1.0278625e+02   1.1704977e+02
   1.1261263e+02   1.0377254e+02
   9.3313157e+01   1.2539905e+02
   1.1077109e+02   1.2955415e+02
   9.2536617e+01   7.1333221e+01
   6.2806561e+01   1.2520669e+02
   7.7961603e+01   1.1119632e+02
   1.1404146e+02   1.2684155e+02
   1.2573239e+02   1.0983087e+02
   1.1296715e+02   9.5035255e+01
   9.9623363e+01   1.2222657e+02
   1.2110540e+02   1.3028438e+02
   1.2375713e+02   1.1572744e+02
   1.0654926e+02   1.2054422e+02
   1.1090272e+02   6.3531580e+01
   9.2162226e+01   1.0245135e+02
   1.2457864e+02   9.2465419e+01
   8.4716462e+01   7.2954764e+01
   7.6611875e+01   1.2555800e+02
   9.6321746e+01   1.0239842e+02
   1.0314089e+02   8.7856726e+01
   8.0612056e+01   1.2763160e+02
   1.0228251e+02   1.4361897e+02
   8.4674663e+01   1.2494831e+02
   1.0922759e+02   1.1942077e+02
   1.1347120e+02   1.0206237e+02
   8.9977448e+01   1.1916333e+02
   8.5569822e+01   1.0890997e+02
   1.3386922e+02   1.0838457e+02
   1.2520890e+02   1.0839034e+02
   1.0920343e+02   8.7715251e+01
   1.2205803e+02   1.0510321e+02
   1.0761259e+02   9.9083108e+01
   1.0203645e+02   1.3659072e+02
   1.3658612e+02   1.0953033e+02
   1.1517454e+02   8.7245620e+01
   1.2348704e+02   9.4306798e+01
   6.5268688e+01   1.1760397e+02
   8.3970139e+01   1.1530767e+02
   1.0071905e+02   1.3365475e+02
   1.1874764e+02   9.8478971e+01
   9.1740344e+01   1.3136932e+02
   9.7606130e+01   1.1706335e+02
   1.1186975e+02   8.7107761e+01
   1.1666126e+02   8.9740649e+01
   1.2389707e+02   9.1821148e+01
   1.0444070e+02   1.0973491e+02
   1.2042475e+02   1.0159067e+02
   1.1485635e+02   8.0835974e+01
   1.2348846e+02   9.4734016e+01
   1.0645980e+02   1.1640157e+02
   1.2405603e+02   1.3417352e+02
   9.8835862e+01   8.9916707e+01
   1.0448683e+02   8.4174530e+01
   1.1935160e+02   1.1116091e+02
   8.9624371e+01   1.1304533e+02
   1.0255627e+02   7.4522316e+01
   9.8695035e+01   7.5058782e+01
   8.8602964e+01   1.2997015e+02
   1.2881965e+02   9.7613603e+01
   1.2407014e+02   1.0858777e+02
   9.5074745e+01   1.1229250e+02
   1.0936856e+02   8.9234024e+01
   9.8148568e+01   1.1013522e+02
   1.5708721e+02   8.8678212e+01
   7.3681242e+01   1.0644750e+02
   1.0770464e+02   1.3046455e+02
   8.6328312e+01   9.3005590e+01
   9.9855344e+01   8.1997527e+01
   1.2488406e+02   1.1690413e+02
   1.0901057e+02   1.0063257e+02
   1.3085489e+02   1.2467372e+02
   9.9578232e+01   1.2391430e+02
   1.3118073e+02   1.0379585e+02
   1.0436196e+02   1.0744609e+02
   1.0491529e+02   1.2189164e+02
   1.2377787e+02   1.0737187e+02
   8.6087630e+01   9.2241882e+01
   1.0059782e+02   9.6031901e+01
   1.0525084e+02   1.1024291e+02
   1.1866407e+02   9.9525655e+01
   7.0831439e+01   1.1395921e+02
   9.4336611e+01   1.1976650e+02
   1.3579399e+02   1.0208616e+02
   1.0914031e+02   6.9042397e+01
   1.1511625e+02   8.7891693e+01
   1.2207247e+02   1.0453351e+02
   8.4738844e+01   1.1559603e+02
   8.3960343e+01   1.1387101e+02
   1.2247163e+02   9.1534043e+01
   1.0084491e+02   1.0747086e+02
   9.7443120e+01   1.2853247e+02
   8.6000750e+01   7.9428384e+01
   9.9551992e+01   1.1546216e+02
   9.0513696e+01   8.6665235e+01
   1.0003256e+02   6.4747367e+01
   1.0756912e+02   9.9890242e+01
   7.7934328e+01   1.4575217e+02
   9.6959285e+01   1.3291564e+02
   8.5562404e+01   1.0070983e+02
   7.7121931e+01   1.0398084e+02
   9.8934974e+01   9.0825568e+01
   9.2419762e+01   1.0359146e+02
   1.2119724e+02   1.2758750e+02
   1.0996924e+02   8.9466103e+01
   1.3584831e+02   1.0549814e+02
   1.3490466e+02   1.1722933e+02
   1.0785941e+02   1.5801713e+02
   1.3233349e+02   9.1394929e+01
   6.8412406e+01   1.0989237e+02
   9.9843006e+01   1.1115344e+02
   7.0321073e+01   1.3616786e+02
   8.8132884e+01   9.5080948e+01
   1.0385493e+02   1.3100353e+02
   9.6224886e+01   1.1808926e+02
   5.9966338e+01   1.0365658e+02
   9.9614855e+01   8.3384802e+01
   1.0218234e+02   8.3098089e+01
   1.1338614e+02   1.0461350e+02
   1.4109268e+02   1.0294889e+02
   1.0467508e+02   8.8106503e+01
   9.7565484e+01   1.2866471e+02
   1.3046494e+02   9.0073405e+01
   6.5354791e+01   1.0735561e+02
   1.2553081e+02   1.2061583e+02
   1.0014912e+02   1.1981908e+02
   8.7661145e+01   1.3274554e+02
   1.2531296e+02   1.1129622e+02
   9.7337461e+01   1.2189362e+02
   1.0921581e+02   1.0743801e+02
   9.9372315e+01   1.5092613e+02
   1.0993982e+02   9.5542264e+01
   1.0398462e+02   1.1756857e+02
   1.0927705e+02   1.3172068e+02
   8.6072861e+01   9.9552934e+01
   1.0729524e+02   9.3556684e+01
   9.4949328e+01   1.4029546e+02
   1.1658034e+02   8.4061293e+01
   9.1384002e+01   1.1020116e+02
   7.5914025e+01   1.2641637e+02
   1.2490557e+02   9.7478089e+01
   1.1973524e+02   1.0618567e+02
   8.8338253e+01   1.1313341e+02
   1.1165343e+02   9.0674286e+01
   7.7584708e+01   1.3397968e+02
   6.8505771e+01   9.8498895e+01
   9.0948436e+01   9.6270916e+01
   8.5687174e+01   1.0880506e+02
   1.0086734e+02   1.1339786e+02
   6.2173568e+01   1.0773119e+02
   7.2182033e+01   9.0399969e+01
   7.5593909e+01   1.2515014e+02
   9.0038793e+01   7.7188994e+01
   1.2915878e+02   1.1476246e+02
   1.1349047e+02   9.1525796e+01
   1.3072875e+02   8.1198512e+01
   1.0621608e+02   1.1709423e+02
   9.6199675e+01   1.0447673e+02
   1.1028606e+02   8.9746200e+01
   1.1445310e+02   8.6379526e+01
   9.3580926e+01   1.0410054e+02
   1.1022534e+02   1.2089719e+02
   1.2505232e+02   9.2876402e+01
   1.3192934e+02   1.0526129e+02
   1.2875685e+02   9.0206547e+01
   1.1348823e+02   9.8592674e+01
   1.1206025e+02   9.1899728e+01
   1.0034999e+02   1.1977492e+02
   1.3600505e+02   1.2557421e+02
   1.2168813e+02   1.1391796e+02
   1.1490353e+02   9.0078279e+01
   9.7742810e+01   1.1303548e+02
   1.3641495e+02   9.9724851e+01
   1.1626115e+02   8.3131658e+01
   4.9165534e+01   1.3535027e+02
   7.4287679e+01   1.3658297e+02
   9.5618010e+01   1.4330943e+02
   8.0297101e+01   1.2513092e+02
   9.7610535e+01   1.1337318e+02
   1.1911373e+02   1.0462601e+02
   1.0216503e+02   1.1210530e+02
   1.0868562e+02   1.2095518e+02
   1.0157962e+02   1.1230133e+02
   1.0652578e+02   1.1741717e+02
   1.0424451e+02   9.6796156e+01
   1.1743004e+02   9.6760295e+01
   1.0496588e+02   1.1187850e+02
   1.1667518e+02   1.2728435e+02
   9.3714303e+01   8.0188763e+01
   1.2534185e+02   9.2791439e+01
   9.9375050e+01   1.2794724e+02
   1.3815992e+02   1.0937520e+02
   9.4203012e+01   1.1358470e+02
   9.0134254e+01   1.0607824e+02
   1.2167222e+02   7.8384191e+01
   8.3036302e+01   1.1556499e+02
   1.3087984e+02   9.4041878e+01
   1.2738331e+02   1.0886602e+02
   7.9274823e+01   1.2021303e+02
   1.3589316e+02   9.6724866e+01
   7.5765429e+01   1.1937850e+02
   8.3267862e+01   1.0645391e+02
   1.0583471e+02   1.3177155e+02
   1.0026727e+02   1.1987859e+02
   8.8224334e+01   1.2021562e+02
   9.1066948e+01   9.6026221e+01
   1.4393626e+02   8.1663392e+01
   1.1294263e+02   9.4530109e+01
